EQTOOLS    06/26/2019   #204118 850ms              3 65 65
 2.140000105e+00 4.400000095e+00 9.409999847e-01 9.999999776e-03 0.000000000e+00
 1.069039941e+00-1.098603103e-02 1.157605350e-01 1.662429608e-02-6.298149824e-01
 9.482474375e+05 1.157605350e-01 0.000000000e+00 1.069039941e+00 0.000000000e+00
-1.098603103e-02 0.000000000e+00 1.662429608e-02 0.000000000e+00 0.000000000e+00
-6.179893613e-01-6.136059761e-01-6.095805764e-01-6.059012413e-01-6.025556922e-01
-5.995310545e-01-5.968142152e-01-5.943916440e-01-5.922496319e-01-5.903742313e-01
-5.887514353e-01-5.873671770e-01-5.862072110e-01-5.852574706e-01-5.845040679e-01
-5.839331150e-01-5.835310221e-01-5.832843184e-01-5.831798911e-01-5.832049847e-01
-5.833470225e-01-5.835940242e-01-5.839341283e-01-5.843560696e-01-5.848490000e-01
-5.854023695e-01-5.860062242e-01-5.866510272e-01-5.873275995e-01-5.880272985e-01
-5.887420177e-01-5.894640088e-01-5.901859403e-01-5.909011364e-01-5.916031599e-01
-5.922861695e-01-5.929446816e-01-5.935736895e-01-5.941686630e-01-5.947254896e-01
-5.952404141e-01-5.957102180e-01-5.961319804e-01-5.965033174e-01-5.968222022e-01
-5.970869660e-01-5.972964168e-01-5.974497795e-01-5.975466371e-01-5.975869894e-01
-5.975712538e-01-5.975002050e-01-5.973750353e-01-5.971974134e-01-5.969693661e-01
-5.966933370e-01-5.963720679e-01-5.960089564e-01-5.956075191e-01-5.951719880e-01
-5.947068930e-01-5.942171216e-01-5.937080383e-01-5.931855440e-01-5.926558971e-01
 4.156821484e+04 4.154073828e+04 4.145342188e+04 4.130819922e+04 4.110699609e+04
 4.085174219e+04 4.054436719e+04 4.018679688e+04 3.978096484e+04 3.932879297e+04
 3.883221875e+04 3.829316406e+04 3.771355859e+04 3.709533594e+04 3.644041797e+04
 3.575073828e+04 3.502822266e+04 3.427480469e+04 3.349240625e+04 3.268296094e+04
 3.184839648e+04 3.099064258e+04 3.011162500e+04 2.921327344e+04 2.829751953e+04
 2.736628906e+04 2.642150977e+04 2.546511523e+04 2.449902930e+04 2.352518359e+04
 2.254550586e+04 2.156192578e+04 2.057636914e+04 1.959076953e+04 1.860705078e+04
 1.762714453e+04 1.665297852e+04 1.568648242e+04 1.472958496e+04 1.378421387e+04
 1.285229785e+04 1.193576660e+04 1.103654883e+04 1.015657227e+04 9.297766602e+03
 8.462060547e+03 7.651382324e+03 6.867661133e+03 6.112825684e+03 5.388804199e+03
 4.697526367e+03 4.040919922e+03 3.420914307e+03 2.839438232e+03 2.298420166e+03
 1.799789185e+03 1.345473755e+03 9.374027710e+02 5.775048828e+02 2.677089844e+02
 9.943716049e+00-1.938621063e+02-3.417797546e+02-4.318804932e+02-4.622355042e+02
 1.821090221e+00 1.664090514e+00 1.514609933e+00 1.372486949e+00 1.237560034e+00
 1.109667778e+00 9.886486530e-01 8.743411899e-01 7.665839195e-01 6.652152538e-01
 5.700738430e-01 4.809980989e-01 3.978265822e-01 3.203977942e-01 2.485502660e-01
 1.821224689e-01 1.209529489e-01 6.488021463e-02 1.374277007e-02-3.262086585e-02
-7.437217981e-02-1.116726622e-01-1.446837932e-01-1.735670716e-01-1.984839588e-01
-2.195959836e-01-2.370645851e-01-2.510513067e-01-2.617175579e-01-2.692249119e-01
-2.737347782e-01-2.754087150e-01-2.744081616e-01-2.708946168e-01-2.650295496e-01
-2.569744885e-01-2.468908727e-01-2.349402308e-01-2.212840319e-01-2.060837597e-01
-1.895009130e-01-1.716969609e-01-1.528334022e-01-1.330717206e-01-1.125734076e-01
-9.149994701e-02-7.001282275e-02-4.827352613e-02-2.644354105e-02-4.684356041e-03
 1.684254222e-02 3.797566891e-02 5.855353177e-02 7.841464877e-02 9.739752859e-02
 1.153406948e-01 1.320826411e-01 1.474619061e-01 1.613169760e-01 1.734863818e-01
 1.838086396e-01 1.921222508e-01 1.982657313e-01 2.020775974e-01 2.033963501e-01
-1.886672729e+03 3.736525781e+04 7.537203125e+04 1.121336484e+05 1.476501094e+05
 1.819214062e+05 2.149475625e+05 2.467285469e+05 2.772643750e+05 3.065550625e+05
 3.346005625e+05 3.614009375e+05 3.869561250e+05 4.112661875e+05 4.343310625e+05
 4.561507812e+05 4.767253750e+05 4.960547812e+05 5.141390312e+05 5.309781250e+05
 5.465720625e+05 5.609208750e+05 5.740245000e+05 5.858830000e+05 5.964963125e+05
 6.058644375e+05 6.139874375e+05 6.208653125e+05 6.264980000e+05 6.308855000e+05
 6.340278750e+05 6.359251250e+05 6.365771875e+05 6.359840625e+05 6.341458125e+05
 6.310623750e+05 6.267338125e+05 6.211600625e+05 6.143411875e+05 6.062771875e+05
 5.969679375e+05 5.864136250e+05 5.746140625e+05 5.615694375e+05 5.472795625e+05
 5.317446250e+05 5.149644688e+05 4.969391562e+05 4.776687188e+05 4.571530938e+05
 4.353923125e+05 4.123863750e+05 3.881353125e+05 3.626390625e+05 3.358976562e+05
 3.079110938e+05 2.786793750e+05 2.482025156e+05 2.164804844e+05 1.835132969e+05
 1.493009531e+05 1.138434453e+05 7.714078906e+04 3.919297266e+04-0.000000000e+00
 5.662504350e-07 1.056322520e-05 3.252228764e-05 6.553665161e-05 1.092235380e-04
 1.649474827e-04 2.363307746e-04 3.265534384e-04 4.328641206e-04 5.446385522e-04
 6.464779737e-04 7.220088933e-04 7.561917361e-04 7.362306295e-04 6.516500780e-04
 4.939613520e-04 2.561469443e-04-6.791277943e-05-4.839878776e-04-9.979371873e-04
-1.615942401e-03-2.344418144e-03-3.189549450e-03-4.156497598e-03-5.248473791e-03
-6.465968180e-03-7.806407673e-03-9.264314960e-03-1.083192792e-02-1.250001669e-02
-1.425861660e-02-1.609755272e-02-1.800665659e-02-1.997581032e-02-2.199486061e-02
-2.405351076e-02-2.614121631e-02-2.824715530e-02-3.036024488e-02-3.246928144e-02
-3.456307039e-02-3.663070779e-02-3.866183732e-02-4.064697439e-02-4.257776317e-02
-4.444725225e-02-4.625003251e-02-4.798234885e-02-4.964207786e-02-5.122861797e-02
-5.274274790e-02-5.418635058e-02-5.556217156e-02-5.687356732e-02-5.812424454e-02
-5.931805144e-02-6.045879154e-02-6.155010447e-02-6.259536160e-02-6.359759556e-02
-6.455951060e-02-6.548344999e-02-6.637139561e-02-6.722503873e-02-6.804576516e-02
 9.858803925e-07 1.830127928e-05 5.520707261e-05 1.073421222e-04 1.693194985e-04
 2.383209940e-04 3.288304063e-04 4.952876433e-04 7.346665863e-04 1.003955770e-03
 1.264329039e-03 1.485974003e-03 1.647751712e-03 1.735087032e-03 1.738178083e-03
 1.650551127e-03 1.467763365e-03 1.186175935e-03 8.017690697e-04 3.090205647e-04
-2.999963353e-04-1.035883137e-03-1.911015053e-03-2.937253781e-03-4.122955682e-03
-5.470478085e-03-6.975160828e-03-8.626140040e-03-1.040873155e-02-1.230717967e-02
-1.430655351e-02-1.639343610e-02-1.855573167e-02-2.078214138e-02-2.306158064e-02
-2.538270965e-02-2.773360000e-02-3.010155963e-02-3.247312059e-02-3.483420705e-02
-3.717038992e-02-3.946731565e-02-4.171123790e-02-4.388955398e-02-4.599134878e-02
-4.800786787e-02-4.993282294e-02-5.176253713e-02-5.349588540e-02-5.513406910e-02
-5.668024776e-02-5.813906827e-02-5.951620054e-02-6.081786209e-02-6.205042689e-02
-6.322011247e-02-6.433271539e-02-6.539352184e-02-6.640714374e-02-6.737756377e-02
-6.830812669e-02-6.920157080e-02-7.006010146e-02-7.088546957e-02-7.167901624e-02
 1.762216679e-06 3.262750616e-05 9.754258723e-05 1.856900748e-04 2.791312711e-04
 3.502712572e-04 3.585661511e-04 5.441748905e-04 1.067579074e-03 1.653019222e-03
 2.166754307e-03 2.589047844e-03 2.906177096e-03 3.110182371e-03 3.198552262e-03
 3.172510822e-03 3.035206326e-03 2.790131912e-03 2.439422161e-03 1.981715453e-03
 1.409037340e-03 7.029248862e-04-1.665680667e-04-1.233019845e-03-2.521089933e-03
-4.038873144e-03-5.774693000e-03-7.698978628e-03-9.775599374e-03-1.197434266e-02
-1.427414802e-02-1.666061331e-02-1.912283708e-02-2.165118293e-02-2.423581237e-02
-2.686578232e-02-2.952850317e-02-3.220945931e-02-3.489217351e-02-3.755848368e-02
-4.018893794e-02-4.276360969e-02-4.526302682e-02-4.766926323e-02-4.996703032e-02
-5.214460086e-02-5.419444976e-02-5.611347385e-02-5.790281681e-02-5.956730090e-02
-6.111462323e-02-6.255438520e-02-6.389719642e-02-6.515383417e-02-6.633465477e-02
-6.744914281e-02-6.850564294e-02-6.951129283e-02-7.047197099e-02-7.139242023e-02
-7.227637240e-02-7.312662555e-02-7.394525842e-02-7.473372386e-02-7.549299046e-02
 3.249934361e-06 6.049690312e-05 1.832383485e-04 3.567226829e-04 5.562437817e-04
 7.450279551e-04 8.745861484e-04 1.196041176e-03 1.935849382e-03 2.865250148e-03
 3.656055412e-03 4.285504070e-03 4.740404061e-03 5.023818800e-03 5.151641893e-03
 5.139821520e-03 5.003602458e-03 4.760101508e-03 4.423799339e-03 4.008565580e-03
 3.525139502e-03 2.969044014e-03 2.254814137e-03 1.225761762e-03-1.564308866e-04
-1.920426425e-03-4.066412110e-03-6.461774598e-03-8.968548823e-03-1.155331664e-02
-1.421004669e-02-1.693831541e-02-1.973772697e-02-2.260598566e-02-2.553798040e-02
-2.852521937e-02-3.155542772e-02-3.461226818e-02-3.767524444e-02-4.071997399e-02
-4.371881169e-02-4.664212654e-02-4.946007520e-02-5.214482971e-02-5.467287972e-02
-5.702711124e-02-5.919814772e-02-6.118477097e-02-6.299331775e-02-6.463621007e-02
-6.613005207e-02-6.749355350e-02-6.874571335e-02-6.990446519e-02-7.098581291e-02
-7.200334637e-02-7.296819676e-02-7.388912596e-02-7.477277989e-02-7.562402826e-02
-7.644624480e-02-7.724162432e-02-7.801144835e-02-7.875628311e-02-7.947623293e-02
 5.672494696e-06 1.063115918e-04 3.273535995e-04 6.552325617e-04 1.066372222e-03
 1.523819462e-03 1.977036865e-03 2.660324597e-03 3.781054311e-03 5.062932590e-03
 6.129375540e-03 6.940352903e-03 7.442340420e-03 7.639320461e-03 7.687615958e-03
 7.594519506e-03 7.335878503e-03 7.015041422e-03 6.618538546e-03 6.185365193e-03
 5.754563126e-03 5.420859896e-03 5.232851874e-03 4.089362436e-03 2.672955845e-03
 7.123107113e-04-2.191871534e-03-5.261091008e-03-8.241012376e-03-1.121228922e-02
-1.421832977e-02-1.728508021e-02-2.042782941e-02-2.365424871e-02-2.696567174e-02
-3.035739348e-02-3.381839634e-02-3.733072813e-02-4.086881884e-02-4.439914751e-02
-4.788055569e-02-5.126589977e-02-5.450529805e-02-5.755082463e-02-6.036199671e-02
-6.291078520e-02-6.518497111e-02-6.718884232e-02-6.894131587e-02-7.047179415e-02
-7.181523124e-02-7.300737670e-02-7.408131860e-02-7.506545859e-02-7.598276683e-02
-7.685087887e-02-7.768272148e-02-7.848729496e-02-7.927043312e-02-8.003559033e-02
-8.078441862e-02-8.151726541e-02-8.223359426e-02-8.293227268e-02-8.361182544e-02
 8.915231245e-06 1.679926999e-04 5.240284817e-04 1.071569891e-03 1.799864632e-03
 2.688137445e-03 3.699725052e-03 5.055468722e-03 6.891223619e-03 8.767637113e-03
 1.012866635e-02 1.088169196e-02 1.106741885e-02 1.093965713e-02 1.063662599e-02
 1.024057844e-02 9.786904956e-03 9.306521135e-03 8.814628953e-03 8.266082588e-03
 7.570416075e-03 6.981066042e-03 6.697889575e-03 5.255917747e-03 3.675001484e-03
 1.576887151e-03-1.522295813e-03-4.764561937e-03-7.936043702e-03-1.112351028e-02
-1.437355409e-02-1.771574594e-02-2.116968726e-02-2.474786710e-02-2.845664081e-02
-3.229604006e-02-3.625865894e-02-4.032769079e-02-4.447426457e-02-4.865447387e-02
-5.280694845e-02-5.685303991e-02-6.070162012e-02-6.425980630e-02-6.744761267e-02
-7.021203947e-02-7.253618881e-02-7.444089254e-02-7.597828250e-02-7.721905334e-02
-7.823795056e-02-7.910250883e-02-7.986729628e-02-8.057285157e-02-8.124726341e-02
-8.190865164e-02-8.256772275e-02-8.322985606e-02-8.389676519e-02-8.456769524e-02
-8.524038603e-02-8.591162395e-02-8.657772098e-02-8.723484750e-02-8.787921118e-02
 1.244649792e-05 2.353547102e-04 7.403539346e-04 1.535413369e-03 2.635060868e-03
 4.064540549e-03 5.873153532e-03 8.439756891e-03 1.207852255e-02 1.584443823e-02
 1.752890842e-02 1.699608023e-02 1.580478633e-02 1.473990459e-02 1.379546698e-02
 1.293797001e-02 1.213509526e-02 1.137080430e-02 1.061720761e-02 9.660175425e-03
 8.602484222e-03 7.483205591e-03 6.236234214e-03 4.714460856e-03 2.855772710e-03
 6.200610339e-04-1.999800059e-03-4.903123094e-03-7.979455424e-03-1.120387976e-02
-1.458005797e-02-1.811938657e-02-2.183524933e-02-2.574090270e-02-2.984810371e-02
-3.416565895e-02-3.869727880e-02-4.343810732e-02-4.836896369e-02-5.344734405e-02
-5.859447104e-02-6.368163582e-02-6.852710748e-02-7.292153563e-02-7.667953481e-02
-7.968451079e-02-8.191073688e-02-8.342872531e-02-8.438958912e-02-8.497863020e-02
-8.536107644e-02-8.565587385e-02-8.593731230e-02-8.624681706e-02-8.660434082e-02
-8.701660401e-02-8.748258590e-02-8.799688483e-02-8.855183413e-02-8.913880389e-02
-8.974894702e-02-9.037367840e-02-9.100492905e-02-9.163531544e-02-9.225818419e-02
 1.550396560e-05 2.935536655e-04 9.262660865e-04 1.930042874e-03 3.333011265e-03
 5.179869309e-03 7.547354208e-03 1.087997273e-02 1.571438346e-02 2.113611298e-02
 2.305375956e-02 2.131052513e-02 1.936471591e-02 1.776731989e-02 1.639207280e-02
 1.516602380e-02 1.403497980e-02 1.294736621e-02 1.187240456e-02 1.067226216e-02
 9.418778973e-03 7.966027162e-03 6.380541728e-03 4.609417517e-03 2.607395151e-03
 3.625230383e-04-2.141677969e-03-4.901181432e-03-7.900223312e-03-1.112787379e-02
-1.458104711e-02-1.826535655e-02-2.219390733e-02-2.638501112e-02-3.086074587e-02
-3.564612692e-02-4.076835821e-02-4.625551168e-02-5.213285290e-02-5.841327223e-02
-6.507254244e-02-7.198662987e-02-7.879222879e-02-8.482526981e-02-8.959586930e-02
-9.287359583e-02-9.461057847e-02-9.493580408e-02-9.436558949e-02-9.354168565e-02
-9.279068237e-02-9.222621163e-02-9.187293502e-02-9.172069745e-02-9.174654370e-02
-9.192394225e-02-9.222668194e-02-9.263042172e-02-9.311322707e-02-9.365563505e-02
-9.424056537e-02-9.485310012e-02-9.548031254e-02-9.611106399e-02-9.673585497e-02
 1.752764124e-05 3.319134045e-04 1.047581900e-03 2.182922453e-03 3.766511956e-03
 5.834820856e-03 8.422626853e-03 1.182668616e-02 1.608021453e-02 2.008269732e-02
 2.216910975e-02 2.211882512e-02 2.096287198e-02 1.951487091e-02 1.806836810e-02
 1.668988846e-02 1.537407350e-02 1.409383600e-02 1.281595938e-02 1.151029072e-02
 1.014808475e-02 8.606085075e-03 6.909600749e-03 5.060684448e-03 3.028370836e-03
 8.262829143e-04-1.635617942e-03-4.351239245e-03-7.333601152e-03-1.060036446e-02
-1.411688817e-02-1.790084181e-02-2.197953694e-02-2.637978262e-02-3.113761178e-02
-3.629655633e-02-4.191014322e-02-4.804926857e-02-5.481152472e-02-6.233491460e-02
-7.082263790e-02-8.060863675e-02-9.245494047e-02-1.017923637e-01-1.084216092e-01
-1.113782680e-01-1.135595188e-01-1.092947811e-01-1.045370473e-01-1.013889850e-01
-9.924412413e-02-9.781568981e-02-9.692176831e-02-9.643446269e-02-9.625954532e-02
-9.632546071e-02-9.657650826e-02-9.696837931e-02-9.746527378e-02-9.803784912e-02
-9.866185781e-02-9.931712173e-02-9.998683979e-02-1.006570123e-01-1.013160686e-01
 1.829083509e-05 3.463491395e-04 1.093097418e-03 2.277762133e-03 3.931383226e-03
 6.100231955e-03 8.863491069e-03 1.270395854e-02 1.850787024e-02 2.665877085e-02
 2.900719947e-02 2.463850246e-02 2.222085234e-02 2.047014921e-02 1.895505073e-02
 1.755752180e-02 1.622640055e-02 1.492475475e-02 1.361802205e-02 1.227152431e-02
 1.084958335e-02 9.319243790e-03 7.656975287e-03 5.837651243e-03 3.835917771e-03
 1.658230804e-03-7.167696256e-04-3.341305780e-03-6.333939319e-03-9.574330393e-03
-1.305372050e-02-1.684780879e-02-2.098275576e-02-2.544763333e-02-3.034343968e-02
-3.569708438e-02-4.155528842e-02-4.800036408e-02-5.515577798e-02-6.320896658e-02
-7.244912655e-02-8.332269266e-02-9.641463502e-02-1.068530441e-01-1.141407710e-01
-1.174556751e-01-1.192750658e-01-1.145151627e-01-1.089027287e-01-1.051392064e-01
-1.026887747e-01-1.011508838e-01-1.002622519e-01-9.984697830e-02-9.978258258e-02
-9.998017180e-02-1.003728546e-01-1.009087898e-01-1.015468725e-01-1.022539301e-01
-1.030029146e-01-1.037716358e-01-1.045418322e-01-1.052985654e-01-1.060297283e-01
 1.774562381e-05 3.359852639e-04 1.060137437e-03 2.208191381e-03 3.808126622e-03
 5.895097890e-03 8.501424423e-03 1.189620558e-02 1.607339543e-02 1.997498217e-02
 2.215306448e-02 2.239877881e-02 2.149852643e-02 2.025956635e-02 1.900108470e-02
 1.779117262e-02 1.662215571e-02 1.546467415e-02 1.428457818e-02 1.304822507e-02
 1.172432918e-02 1.028474060e-02 8.704373205e-03 6.960863585e-03 5.034427174e-03
 2.906270121e-03 5.544655853e-04-2.042110007e-03-4.895224265e-03-8.031929712e-03
-1.145996485e-02-1.516729755e-02-1.919670229e-02-2.353601135e-02-2.831762266e-02
-3.369565140e-02-3.950126918e-02-4.581786313e-02-5.269890276e-02-6.025525687e-02
-6.860326161e-02-7.787589838e-02-8.811026428e-02-9.670799809e-02-1.031409495e-01
-1.070099765e-01-1.090741950e-01-1.077010647e-01-1.052341332e-01-1.034830596e-01
-1.023812299e-01-1.018067674e-01-1.016508044e-01-1.018224063e-01-1.022469184e-01
-1.028630818e-01-1.036204561e-01-1.044771839e-01-1.053983518e-01-1.063547649e-01
-1.073220071e-01-1.082797498e-01-1.092112292e-01-1.101027958e-01-1.109435867e-01
 1.597480721e-05 3.023347003e-04 9.531865327e-04 1.983755489e-03 3.421041399e-03
 5.311195662e-03 7.746047555e-03 1.123709026e-02 1.676055061e-02 2.502858475e-02
 2.750367492e-02 2.279970483e-02 2.069274462e-02 1.939305666e-02 1.838608057e-02
 1.750561984e-02 1.666940174e-02 1.582108574e-02 1.491712690e-02 1.392231933e-02
 1.280814426e-02 1.155167978e-02 1.013202141e-02 8.529689578e-03 6.726672954e-03
 4.706284165e-03 2.452795521e-03-4.841126415e-05-2.810706764e-03-5.846193968e-03
-9.165435447e-03-1.278061099e-02-1.671174257e-02-2.097996751e-02-2.561068025e-02
-3.068368212e-02-3.615698342e-02-4.200809084e-02-4.822871703e-02-5.485995164e-02
-6.176826629e-02-6.882191224e-02-7.572189009e-02-8.204211552e-02-8.742828326e-02
-9.168018113e-02-9.475200308e-02-9.676726509e-02-9.804566474e-02-9.897363119e-02
-9.981662722e-02-1.007058988e-01-1.016914766e-01-1.027816980e-01-1.039648207e-01
-1.052201172e-01-1.065235892e-01-1.078509254e-01-1.091790663e-01-1.104869668e-01
-1.117560619e-01-1.129703952e-01-1.141166972e-01-1.151843136e-01-1.161651233e-01
 1.326644763e-05 2.506596518e-04 7.871655936e-04 1.627776747e-03 2.780839403e-03
 4.258559117e-03 6.079296083e-03 8.549359812e-03 1.182019294e-02 1.509982866e-02
 1.710431937e-02 1.772056408e-02 1.757947684e-02 1.733040166e-02 1.708859817e-02
 1.684770580e-02 1.657393194e-02 1.621236417e-02 1.572329269e-02 1.507649457e-02
 1.425170476e-02 1.324701310e-02 1.204862298e-02 1.064013567e-02 9.006749638e-03
 7.136701640e-03 5.018838475e-03 2.642775976e-03-6.879781644e-07-2.919553405e-03
-6.120675452e-03-9.610019542e-03-1.339324128e-02-1.748013680e-02-2.190767407e-02
-2.671639631e-02-3.186302488e-02-3.730239069e-02-4.299241445e-02-4.887384515e-02
-5.486018396e-02-6.084980112e-02-6.668018809e-02-7.220381953e-02-7.728899132e-02
-8.180905091e-02-8.574140814e-02-8.912271262e-02-9.204570187e-02-9.462971812e-02
-9.698765596e-02-9.920623800e-02-1.013418950e-01-1.034254651e-01-1.054691522e-01
-1.074727626e-01-1.094284882e-01-1.113243185e-01-1.131464104e-01-1.148807284e-01
-1.165141719e-01-1.180352829e-01-1.194347483e-01-1.207056165e-01-1.218433950e-01
 1.023417357e-05 1.928035347e-04 6.012153702e-04 1.228627838e-03 2.061601592e-03
 3.074954042e-03 4.224317442e-03 5.741151883e-03 7.770893191e-03 9.943797678e-03
 1.178214900e-02 1.320541555e-02 1.426112260e-02 1.506213754e-02 1.570726840e-02
 1.626248420e-02 1.677176950e-02 1.704176610e-02 1.706711895e-02 1.682355840e-02
 1.626671725e-02 1.554388160e-02 1.460755589e-02 1.342658081e-02 1.198382744e-02
 1.028294344e-02 8.316763656e-03 6.077327593e-03 3.559530640e-03 7.595826177e-04
-2.324159800e-03-5.689838259e-03-9.329975563e-03-1.322844002e-02-1.740524067e-02
-2.198053772e-02-2.694253112e-02-3.214417083e-02-3.752600195e-02-4.303898604e-02
-4.862202804e-02-5.420260770e-02-5.970014322e-02-6.503632155e-02-7.012910058e-02
-7.495935843e-02-7.950492955e-02-8.373585523e-02-8.768809195e-02-9.138757727e-02
-9.487448116e-02-9.818523082e-02-1.013475201e-01-1.043788280e-01-1.072870372e-01
-1.100721925e-01-1.127286091e-01-1.152469365e-01-1.176160508e-01-1.198245155e-01
-1.218619079e-01-1.237195996e-01-1.253914736e-01-1.268741995e-01-1.281673974e-01
 7.558534702e-06 1.420064568e-04 4.398863767e-04 8.894420911e-04 1.470419299e-03
 2.151460763e-03 2.889856228e-03 3.940034618e-03 5.514790217e-03 7.363482396e-03
 9.125026382e-03 1.075142863e-02 1.223056734e-02 1.357705832e-02 1.481771490e-02
 1.598173373e-02 1.709615969e-02 1.794620161e-02 1.852751768e-02 1.883116130e-02
 1.884767873e-02 1.857715873e-02 1.799931891e-02 1.708149401e-02 1.577899925e-02
 1.424504117e-02 1.243300339e-02 1.032197466e-02 7.917796086e-03 5.217905161e-03
 2.221256508e-03-1.068650372e-03-4.645712105e-03-8.501577043e-03-1.262636714e-02
-1.701447300e-02-2.161174429e-02-2.680440281e-02-3.209328836e-02-3.748788664e-02
-4.296535408e-02-4.848404930e-02-5.399624010e-02-5.945383664e-02-6.481322688e-02
-7.003864801e-02-7.510286071e-02-8.000295923e-02-8.473455528e-02-8.933854383e-02
-9.377075336e-02-9.803624856e-02-1.021373913e-01-1.060725723e-01-1.098358236e-01
-1.134171614e-01-1.168036069e-01-1.199804377e-01-1.229326706e-01-1.256464608e-01
-1.281103387e-01-1.303161732e-01-1.322598216e-01-1.339414032e-01-1.353652841e-01
 5.601478677e-06 1.050878225e-04 3.243510850e-04 6.522789454e-04 1.070968272e-03
 1.555157649e-03 2.076559290e-03 2.906971972e-03 4.297474521e-03 6.034777313e-03
 7.790601568e-03 9.535145358e-03 1.125251877e-02 1.293609115e-02 1.458644290e-02
 1.620568520e-02 1.778895469e-02 1.911824305e-02 2.018678141e-02 2.098359761e-02
 2.149482894e-02 2.170421100e-02 2.159102368e-02 2.113186469e-02 2.030553153e-02
 1.910326476e-02 1.749855652e-02 1.545747027e-02 1.314668397e-02 1.052212365e-02
 7.570454623e-03 4.304782220e-03 7.315526159e-04-3.141461900e-03-7.306272840e-03
-1.175603330e-02-1.648940311e-02-2.149694223e-02-2.673457920e-02-3.215065186e-02
-3.770491990e-02-4.336082515e-02-4.908246323e-02-5.483488716e-02-6.058534043e-02
-6.630450871e-02-7.196725744e-02-7.755252754e-02-8.304261639e-02-8.842089767e-02
-9.373046665e-02-9.891788338e-02-1.039445612e-01-1.087905102e-01-1.134336766e-01
-1.178492797e-01-1.220108551e-01-1.258918413e-01-1.294672716e-01-1.327156250e-01
-1.356204888e-01-1.381717031e-01-1.403661535e-01-1.422079825e-01-1.437080681e-01
 4.382995485e-06 8.223943559e-05 2.538247892e-04 5.105994512e-04 8.393123771e-04
 1.222179273e-03 1.642560020e-03 2.384816906e-03 3.718649191e-03 5.441243854e-03
 7.239309627e-03 9.100506729e-03 1.101253684e-02 1.296822935e-02 1.496723757e-02
 1.701852841e-02 1.890792363e-02 2.059949089e-02 2.206739528e-02 2.328974690e-02
 2.424538115e-02 2.491207052e-02 2.526552797e-02 2.527944918e-02 2.492641786e-02
 2.417908273e-02 2.300988891e-02 2.139662342e-02 1.933417331e-02 1.680786462e-02
 1.381425351e-02 1.051715455e-02 6.888729923e-03 2.940114990e-03-1.321648981e-03
-5.886111139e-03-1.073975844e-02-1.586412274e-02-2.123507623e-02-2.682502491e-02
-3.260516659e-02-3.854581439e-02-4.461807307e-02-5.079394705e-02-5.704628638e-02
-6.334911087e-02-6.967763613e-02-7.600791225e-02-8.231608245e-02-8.857705329e-02
-9.476234860e-02-1.008987308e-01-1.069086543e-01-1.127372529e-01-1.183436900e-01
-1.236834781e-01-1.287099466e-01-1.333769020e-01-1.376416449e-01-1.414681018e-01
-1.448297310e-01-1.477116171e-01-1.501116291e-01-1.520402426e-01-1.535193324e-01
 3.760846436e-06 7.065337867e-05 2.186462673e-04 4.417727994e-04 7.309694373e-04
 1.074424517e-03 1.462904430e-03 2.191607310e-03 3.541486510e-03 5.303866811e-03
 7.177181992e-03 9.166034556e-03 1.126014944e-02 1.345042701e-02 1.572763060e-02
 1.807627946e-02 2.026885930e-02 2.228495525e-02 2.410294196e-02 2.570085620e-02
 2.705596451e-02 2.814399726e-02 2.893851605e-02 2.941055671e-02 2.952862003e-02
 2.925895940e-02 2.856621345e-02 2.741498454e-02 2.577201326e-02 2.360747490e-02
 2.090268686e-02 1.766305055e-02 1.390424258e-02 9.825311870e-03 5.401321293e-03
 6.494878525e-04-4.416283671e-03-9.778709882e-03-1.541832847e-02-2.131439071e-02
-2.744569309e-02-3.379145871e-02-4.033061544e-02-4.703994353e-02-5.389621204e-02
-6.087697235e-02-6.795963799e-02-7.512056453e-02-8.233401018e-02-8.957107810e-02
-9.680057221e-02-1.039957862e-01-1.111103625e-01-1.180700859e-01-1.248047942e-01
-1.312410543e-01-1.373008959e-01-1.429055216e-01-1.479808875e-01-1.524640511e-01
-1.563094319e-01-1.594933051e-01-1.620160880e-01-1.639013690e-01-1.651924956e-01
 3.567595759e-06 6.712469032e-05 2.084765381e-04 4.236390317e-04 7.066156193e-04
 1.049682263e-03 1.447020550e-03 2.203664360e-03 3.607905080e-03 5.444416329e-03
 7.421395537e-03 9.556807076e-03 1.184299608e-02 1.427925719e-02 1.687243617e-02
 1.940412512e-02 2.182959337e-02 2.411566672e-02 2.623503877e-02 2.816294053e-02
 2.987499312e-02 3.134570820e-02 3.254746457e-02 3.344981913e-02 3.401908778e-02
 3.421821128e-02 3.400689391e-02 3.334218977e-02 3.217957416e-02 3.047481482e-02
 2.818762732e-02 2.528737792e-02 2.176108940e-02 1.763092362e-02 1.294686200e-02
 7.927080912e-03 2.556800798e-03-3.143002143e-03-9.154081334e-03-1.545907511e-02
-2.203983648e-02-2.887522251e-02-3.599074679e-02-4.332910501e-02-5.088041582e-02
-5.862901063e-02-6.655796169e-02-7.464837804e-02-8.287793397e-02-9.121902494e-02
-9.963719942e-02-1.080964787e-01-1.165436285e-01-1.248883774e-01-1.330342254e-01
-1.408691829e-01-1.482661352e-01-1.550892584e-01-1.612047994e-01-1.664957221e-01
-1.708772322e-01-1.743086886e-01-1.767989425e-01-1.784029346e-01-1.792113532e-01
 3.665126699e-06 6.904305729e-05 2.151177217e-04 4.393036394e-04 7.377157800e-04
 1.105362268e-03 1.538798214e-03 2.348580680e-03 3.827559700e-03 5.759154037e-03
 7.856836022e-03 1.014210881e-02 1.260653465e-02 1.524702753e-02 1.806353994e-02
 2.081448289e-02 2.347075747e-02 2.600654678e-02 2.839818776e-02 3.062278280e-02
 3.265693198e-02 3.447559723e-02 3.605121321e-02 3.735295313e-02 3.834617920e-02
 3.899210656e-02 3.924765454e-02 3.906560730e-02 3.839511830e-02 3.718274447e-02
 3.537432380e-02 3.291807950e-02 2.976981547e-02 2.590154731e-02 2.131458999e-02
 1.606532575e-02 1.027943126e-02 4.146158800e-03-2.325704430e-03-9.126431558e-03
-1.624565659e-02-2.367128792e-02-3.139933481e-02-3.944288797e-02-4.775932634e-02
-5.634691020e-02-6.519921341e-02-7.430835700e-02-8.366294529e-02-9.324540507e-02
-1.030285058e-01-1.129847732e-01-1.230689673e-01-1.331720265e-01-1.431750021e-01
-1.529191146e-01-1.621999942e-01-1.707786559e-01-1.783941949e-01-1.848043569e-01
-1.898299567e-01-1.933923504e-01-1.955289844e-01-1.963801685e-01-1.961535655e-01
 3.952641391e-06 7.451859317e-05 2.327144509e-04 4.769344578e-04 8.047612739e-04
 1.213084601e-03 1.702419117e-03 2.579373783e-03 4.139783000e-03 6.182919768e-03
 8.419964758e-03 1.086241966e-02 1.350547041e-02 1.634007033e-02 1.934827310e-02
 2.229394608e-02 2.515694259e-02 2.791689565e-02 3.055356945e-02 3.304633834e-02
 3.537334934e-02 3.751061629e-02 3.943120160e-02 4.110443120e-02 4.249526496e-02
 4.356379594e-02 4.426498921e-02 4.454863678e-02 4.435964900e-02 4.363862233e-02
 4.232282572e-02 4.034777347e-02 3.764991011e-02 3.417130733e-02 2.986793399e-02
 2.472424447e-02 1.877658271e-02 1.215253658e-02 5.160399971e-03-2.195751831e-03
-9.911747869e-03-1.798313593e-02-2.640156298e-02-3.517798696e-02-4.429872297e-02
-5.375648625e-02-6.356767930e-02-7.374482654e-02-8.429658184e-02-9.522781549e-02
-1.065393580e-01-1.182268571e-01-1.302655919e-01-1.425901835e-01-1.550881206e-01
-1.675723636e-01-1.797475413e-01-1.911809681e-01-2.013191095e-01-2.095778737e-01
-2.154980813e-01-2.188932700e-01-2.199086964e-01-2.189598795e-01-2.165845580e-01
 4.358750678e-06 8.221720115e-05 2.571527573e-04 5.282710157e-04 8.942273477e-04
 1.353302260e-03 1.908601888e-03 2.864782154e-03 4.521843104e-03 6.686277666e-03
 9.071813069e-03 1.168744834e-02 1.453754332e-02 1.762929607e-02 2.074096131e-02
 2.382925505e-02 2.686352550e-02 2.981969333e-02 3.267678512e-02 3.541466091e-02
 3.801241854e-02 4.044707169e-02 4.269242408e-02 4.471806988e-02 4.648849957e-02
 4.796243083e-02 4.909247951e-02 4.982517730e-02 5.010140005e-02 4.985703918e-02
 4.902382699e-02 4.753017537e-02 4.530235798e-02 4.226651712e-02 3.835282216e-02
 3.350388124e-02 2.769081592e-02 2.094234267e-02 1.339235446e-02 5.445205781e-03
-2.901003150e-03-1.165235585e-02-2.082401516e-02-3.044107139e-02-4.029413427e-02
-5.055860551e-02-6.129327950e-02-7.251570612e-02-8.425605280e-02-9.654789922e-02
-1.094231767e-01-1.229310163e-01-1.371609965e-01-1.521118879e-01-1.678194460e-01
-1.842248409e-01-2.010850641e-01-2.177908211e-01-2.331237911e-01-2.453176713e-01
-2.528430512e-01-2.551342304e-01-2.527813089e-01-2.473292705e-01-2.404343513e-01
 4.832118413e-06 9.117618585e-05 2.854558459e-04 5.873062595e-04 9.961939722e-04
 1.511488259e-03 2.137574805e-03 3.181303195e-03 4.949042986e-03 7.237459405e-03
 9.763369215e-03 1.254282320e-02 1.556998774e-02 1.882987666e-02 2.209204363e-02
 2.533479336e-02 2.853729979e-02 3.168056288e-02 3.474681670e-02 3.771840561e-02
 4.057657593e-02 4.330013651e-02 4.586416143e-02 4.823858009e-02 5.038694796e-02
 5.226546366e-02 5.382262060e-02 5.499957043e-02 5.573123228e-02 5.594783511e-02
 5.557640164e-02 5.454172442e-02 5.276667881e-02 5.017221407e-02 4.667818050e-02
 4.220670457e-02 3.669104765e-02 3.009423815e-02 2.244399909e-02 1.389112742e-02
 4.915147869e-03-4.491537852e-03-1.434042514e-02-2.464052454e-02-3.535795165e-02
-4.640272962e-02-5.796941752e-02-7.012533127e-02-8.293055247e-02-9.646388476e-02
-1.108061068e-01-1.259742859e-01-1.420874523e-01-1.595011182e-01-1.785564011e-01
-1.996353971e-01-2.232146005e-01-2.498473530e-01-2.798044133e-01-3.032256233e-01
-3.153349243e-01-3.135588134e-01-2.980453100e-01-2.797746354e-01-2.643046633e-01
 5.335300281e-06 1.006887469e-04 3.154252447e-04 6.495591634e-04 1.103142122e-03
 1.676348231e-03 2.373445212e-03 3.506803349e-03 5.386253664e-03 7.800372098e-03
 1.047419816e-02 1.343858955e-02 1.669998633e-02 2.004159588e-02 2.341835466e-02
 2.679899775e-02 3.016054987e-02 3.348494403e-02 3.675666998e-02 3.996091776e-02
 4.308195199e-02 4.610133788e-02 4.899607544e-02 5.173651879e-02 5.428437935e-02
 5.659121326e-02 5.859802762e-02 6.023628015e-02 6.143038835e-02 6.210117111e-02
 6.216919818e-02 6.155691675e-02 6.018883306e-02 5.798979673e-02 5.488250047e-02
 5.078618735e-02 4.561922873e-02 3.930924591e-02 3.181619110e-02 2.317673479e-02
 1.358113347e-02 3.553262071e-03-6.916551501e-03-1.784274976e-02-2.922879955e-02
-4.102490344e-02-5.326996671e-02-6.613402108e-02-7.970463321e-02-9.408653910e-02
-1.094245537e-01-1.256348533e-01-1.427321226e-01-1.615070250e-01-1.824663793e-01
-2.063430107e-01-2.343115037e-01-2.682895552e-01-3.110805461e-01-3.442160600e-01
-3.619591719e-01-3.561855089e-01-3.274896619e-01-2.984796529e-01-2.769378409e-01
 5.841749973e-06 1.102502827e-04 3.454892896e-04 7.118139895e-04 1.209613322e-03
 1.839431243e-03 2.604153535e-03 3.820723916e-03 5.785358825e-03 8.316681899e-03
 1.113398973e-02 1.424647727e-02 1.766100681e-02 2.114047058e-02 2.465592749e-02
 2.818499346e-02 3.171082156e-02 3.522050422e-02 3.870345787e-02 4.214981928e-02
 4.554870799e-02 4.888602502e-02 5.214176183e-02 5.528683503e-02 5.827990130e-02
 6.106498337e-02 6.357089719e-02 6.571322243e-02 6.739899813e-02 6.853321442e-02
 6.902542092e-02 6.879440064e-02 6.776914801e-02 6.588593813e-02 6.308230526e-02
 5.929065763e-02 5.443458200e-02 4.843158917e-02 4.120659411e-02 3.272251229e-02
 2.303880610e-02 1.240979855e-02 1.369721702e-03-1.009076660e-02-2.198395143e-02
-3.430013209e-02-4.706574519e-02-6.038483640e-02-7.434279692e-02-8.903307415e-02
-1.045700796e-01-1.208467648e-01-1.378582264e-01-1.562726262e-01-1.764737515e-01
-1.989396774e-01-2.243510748e-01-2.537331358e-01-2.892104101e-01-3.165238004e-01
-3.348219533e-01-3.303907280e-01-3.078667435e-01-2.861613021e-01-2.691733982e-01
 6.333003771e-06 1.195224261e-04 3.746250020e-04 7.720876476e-04 1.312565697e-03
 1.996901215e-03 2.829721347e-03 4.124334566e-03 6.180378475e-03 8.818455991e-03
 1.175613458e-02 1.499755650e-02 1.854532687e-02 2.215754334e-02 2.581077664e-02
 2.948887670e-02 3.318118086e-02 3.688095425e-02 4.058400218e-02 4.428708079e-02
 4.798591547e-02 5.167230025e-02 5.533024990e-02 5.893128082e-02 6.242958678e-02
 6.575844572e-02 6.882941254e-02 7.153552418e-02 7.375881548e-02 7.538087423e-02
 7.629392674e-02 7.640925479e-02 7.566026273e-02 7.399907309e-02 7.138736752e-02
 6.778451051e-02 6.313693234e-02 5.737341655e-02 5.041029030e-02 4.217136286e-02
 3.263051261e-02 2.188930947e-02 1.030278015e-02-1.633264656e-03-1.392625952e-02
-2.659337711e-02-3.966335250e-02-5.317719092e-02-6.718423946e-02-8.173469198e-02
-9.684781886e-02-1.124234259e-01-1.284647908e-01-1.452370802e-01-1.628810280e-01
-1.814023113e-01-2.006245595e-01-2.199714835e-01-2.380575252e-01-2.525858975e-01
-2.615535738e-01-2.642569236e-01-2.614488697e-01-2.552121431e-01-2.476767620e-01
 6.793910966e-06 1.282357161e-04 4.020247364e-04 8.288353292e-04 1.409676755e-03
 2.145880161e-03 3.044030240e-03 4.414951339e-03 6.563903523e-03 9.305992081e-03
 1.235826890e-02 1.572319444e-02 1.938477427e-02 2.311154517e-02 2.688903365e-02
 3.070754164e-02 3.456235787e-02 3.845305612e-02 4.238241174e-02 4.635479112e-02
 5.037368782e-02 5.443784685e-02 5.853588742e-02 6.263964259e-02 6.669741644e-02
 7.062891829e-02 7.432434063e-02 7.764896969e-02 8.045393526e-02 8.259125376e-02
 8.392994227e-02 8.436893102e-02 8.384315834e-02 8.232078043e-02 7.979186564e-02
 7.625155621e-02 7.168249225e-02 6.604199677e-02 5.925906587e-02 5.124540295e-02
 4.192597283e-02 3.129816769e-02 1.953549291e-02 7.145563888e-03-5.494624687e-03
-1.840606161e-02-3.160694538e-02-4.511634300e-02-5.895556685e-02-7.315447975e-02
-8.781405993e-02-1.026927477e-01-1.169301859e-01-1.317171415e-01-1.467257445e-01
-1.617461193e-01-1.764589335e-01-1.903784237e-01-2.028534683e-01-2.131710286e-01
-2.207607482e-01-2.253936584e-01-2.272604788e-01-2.268879513e-01-2.249369426e-01
 7.208800938e-06 1.360952895e-04 4.267638583e-04 8.801482806e-04 1.497688448e-03
 2.281371236e-03 3.238977878e-03 4.682552816e-03 6.919204390e-03 9.770028125e-03
 1.296027748e-02 1.650996437e-02 2.020447759e-02 2.400192652e-02 2.787813893e-02
 3.182136208e-02 3.582903069e-02 3.990548683e-02 4.406012197e-02 4.830509153e-02
 5.265204100e-02 5.710693827e-02 6.166293253e-02 6.629161095e-02 7.093418837e-02
 7.549520357e-02 7.984148628e-02 8.380845225e-02 8.721398675e-02 8.987788987e-02
 9.164274335e-02 9.239129632e-02 9.205589344e-02 9.061721531e-02 8.809224929e-02
 8.451394187e-02 7.990762503e-02 7.427040044e-02 6.755972129e-02 5.969594533e-02
 5.058323899e-02 4.015433085e-02 2.845122356e-02 1.575765592e-02 2.861013054e-03
-1.021655103e-02-2.346714400e-02-3.688691092e-02-5.046953274e-02-6.419507093e-02
-7.799129331e-02-9.166861948e-02-1.051124071e-01-1.183951577e-01-1.314830979e-01
-1.442247274e-01-1.563974598e-01-1.677258619e-01-1.779069925e-01-1.866543633e-01
-1.937544289e-01-1.991146932e-01-2.027837787e-01-2.049336151e-01-2.058133501e-01
 7.561729352e-06 1.427794183e-04 4.477975410e-04 9.237529123e-04 1.572405171e-03
 2.396183242e-03 3.402529489e-03 4.906920932e-03 7.211537640e-03 1.014466376e-02
 1.342939386e-02 1.707717139e-02 2.085697139e-02 2.474312872e-02 2.872030022e-02
 3.278309764e-02 3.693496480e-02 4.118681880e-02 4.555545700e-02 5.006111448e-02
 5.472351406e-02 5.955549640e-02 6.455417811e-02 6.969025229e-02 7.489741987e-02
 8.006504539e-02 8.503734080e-02 8.962123721e-02 9.360317097e-02 9.677222340e-02
 9.894492838e-02 9.998643078e-02 9.982297985e-02 9.844271425e-02 9.588398215e-02
 9.221334711e-02 8.749779733e-02 8.177781923e-02 7.504826786e-02 6.725315634e-02
 5.829902810e-02 4.809098869e-02 3.660032352e-02 2.398031167e-02 1.074449156e-02
-2.519801172e-03-1.582177394e-02-2.915797495e-02-4.251709026e-02-5.588478570e-02
-6.926412577e-02-8.231939582e-02-9.464035121e-02-1.067794376e-01-1.186029694e-01
-1.299733044e-01-1.407440907e-01-1.507585679e-01-1.598611527e-01-1.679148469e-01
-1.748202875e-01-1.805305348e-01-1.850575247e-01-1.884678356e-01-1.908696946e-01
 7.839262073e-06 1.480287585e-04 4.643021759e-04 9.579228446e-04 1.630836685e-03
 2.485704972e-03 3.528434971e-03 5.080542248e-03 7.438203838e-03 1.043125779e-02
 1.378195901e-02 1.750142417e-02 2.135524943e-02 2.532113350e-02 2.938829314e-02
 3.355640816e-02 3.783449562e-02 4.223968633e-02 4.679566570e-02 5.152996994e-02
 5.646941193e-02 6.163263594e-02 6.701982078e-02 7.260035198e-02 7.830094926e-02
 8.399758749e-02 8.951508665e-02 9.463639350e-02 9.912162147e-02 1.027340132e-01
 1.052676088e-01 1.065712227e-01 1.065633697e-01 1.052349825e-01 1.026388410e-01
 9.886714621e-02 9.402153908e-02 8.818162904e-02 8.137965084e-02 7.358804847e-02
 6.472567780e-02 5.468562291e-02 4.339036413e-02 3.088569840e-02 1.748885519e-02
 4.103256634e-03-9.239458359e-03-2.251746364e-02-3.570894811e-02-4.878592660e-02
-6.169263190e-02-7.416393283e-02-8.601041999e-02-9.746779296e-02-1.085212102e-01
-1.190886405e-01-1.290777341e-01-1.383943301e-01-1.469496699e-01-1.546682381e-01
-1.614955663e-01-1.674036412e-01-1.723937293e-01-1.764952902e-01-1.797614913e-01
 8.032159809e-06 1.516744984e-04 4.757588574e-04 9.816231777e-04 1.671318422e-03
 2.547629390e-03 3.617171746e-03 5.200416671e-03 7.597026703e-03 1.063024541e-02
 1.402382569e-02 1.779330110e-02 2.170121395e-02 2.572701751e-02 2.986269280e-02
 3.411139152e-02 3.848625473e-02 4.300916855e-02 4.770909342e-02 5.261914195e-02
 5.777145111e-02 6.318889682e-02 6.887372171e-02 7.479405216e-02 8.087113541e-02
 8.697088730e-02 9.290384646e-02 9.843547240e-02 1.033068423e-01 1.072623115e-01
 1.100791558e-01 1.115932564e-01 1.117157888e-01 1.104374844e-01 1.078192221e-01
 1.039700411e-01 9.901617681e-02 9.306705599e-02 8.618566221e-02 7.837085116e-02
 6.955810883e-02 5.964221058e-02 4.852633227e-02 3.620713972e-02 2.291354292e-02
 9.304958805e-03-4.137259124e-03-1.741433762e-02-3.051523947e-02-4.341513101e-02
-5.604905529e-02-6.818668142e-02-7.968591128e-02-9.072646078e-02-1.013273885e-01
-1.114375908e-01-1.209950417e-01-1.299378043e-01-1.382090381e-01-1.457611755e-01
-1.525596697e-01-1.585855383e-01-1.638367994e-01-1.683282648e-01-1.720898261e-01
 8.134739722e-06 1.536137413e-04 4.818579915e-04 9.942558495e-04 1.692930538e-03
 2.580750419e-03 3.666010218e-03 5.264506453e-03 7.677817869e-03 1.073369749e-02
 1.415412029e-02 1.795162754e-02 2.189027771e-02 2.595084002e-02 3.012688623e-02
 3.442354422e-02 3.885633934e-02 4.344992927e-02 4.823638134e-02 5.325208622e-02
 5.853227322e-02 6.410227680e-02 6.996550559e-02 7.608937072e-02 8.239197529e-02
 8.873356480e-02 9.491661724e-02 1.006967569e-01 1.058042428e-01 1.099725822e-01
 1.129690743e-01 1.146214724e-01 1.148356468e-01 1.136009059e-01 1.109814291e-01
 1.070948760e-01 1.020812730e-01 9.606775696e-02 8.913664569e-02 8.130446730e-02
 7.251914301e-02 6.267899467e-02 5.167745652e-02 3.948085562e-02 2.625473111e-02
 1.254772587e-02-9.451005571e-04-1.422342360e-02-2.727989576e-02-4.010701599e-02
-5.274376414e-02-6.486647106e-02-7.588681522e-02-8.665507606e-02-9.700940481e-02
-1.068816658e-01-1.162198166e-01-1.249764863e-01-1.331093334e-01-1.405832400e-01
-1.473724657e-01-1.534622303e-01-1.588495536e-01-1.635433764e-01-1.675637705e-01
 8.143277228e-06 1.537773354e-04 4.823894321e-04 9.954094188e-04 1.695027195e-03
 2.584207281e-03 3.671910186e-03 5.272368263e-03 7.687373302e-03 1.074652467e-02
 1.417137873e-02 1.797308720e-02 2.191699938e-02 2.598430634e-02 3.016890027e-02
 3.447630204e-02 3.892250081e-02 4.353271678e-02 4.833966921e-02 5.338043045e-02
 5.869094144e-02 6.429714008e-02 7.020285971e-02 7.637564555e-02 8.273330269e-02
 8.913530163e-02 9.538283164e-02 1.012297288e-01 1.064040615e-01 1.106367891e-01
 1.136925208e-01 1.153963877e-01 1.156520470e-01 1.144473693e-01 1.118463550e-01
 1.079680944e-01 1.029557729e-01 9.694126579e-02 9.001252377e-02 8.219164044e-02
 7.343076898e-02 6.362981823e-02 5.267949549e-02 4.053655381e-02 2.734607293e-02
 1.362167516e-02 1.235797487e-04-1.314637299e-02-2.617779343e-02-3.894371284e-02
-5.136421902e-02-6.325079409e-02-7.450833485e-02-8.525265686e-02-9.553376108e-02
-1.053282973e-01-1.145951235e-01-1.232921512e-01-1.313812111e-01-1.388305755e-01
-1.456169252e-01-1.517265531e-01-1.571561959e-01-1.619131401e-01-1.660146564e-01
 8.055040587e-06 1.521133350e-04 4.771876929e-04 9.847324795e-04 1.676983131e-03
 2.556984199e-03 3.633300259e-03 5.222138665e-03 7.625541257e-03 1.066813227e-02
 1.407229510e-02 1.785382362e-02 2.177720008e-02 2.582274572e-02 2.998337480e-02
 3.426338631e-02 3.867729418e-02 4.324861801e-02 4.800819579e-02 5.299116655e-02
 5.823172385e-02 6.375457262e-02 6.956325562e-02 7.562631646e-02 8.186417537e-02
 8.814049780e-02 9.426199344e-02 9.998882413e-02 1.050554584e-01 1.091987042e-01
 1.121878724e-01 1.138511857e-01 1.140934786e-01 1.129016606e-01 1.103365731e-01
 1.065119791e-01 1.015639116e-01 9.561591599e-02 8.874744909e-02 8.097322143e-02
 7.224043872e-02 6.244773204e-02 5.148953771e-02 3.933342334e-02 2.614568429e-02
 1.247442234e-02-9.871989117e-04-1.423959692e-02-2.727670314e-02-4.009363098e-02
-5.273753164e-02-6.485995917e-02-7.582238249e-02-8.655597572e-02-9.688597830e-02
-1.067403951e-01-1.160654328e-01-1.248126031e-01-1.329387744e-01-1.404082256e-01
-1.471947840e-01-1.532832820e-01-1.586704861e-01-1.633650986e-01-1.673869978e-01
 7.868650908e-06 1.485943686e-04 4.661582634e-04 9.620024862e-04 1.638351363e-03
 2.498248594e-03 3.548683006e-03 5.110701936e-03 7.485614017e-03 1.049097640e-02
 1.385220349e-02 1.759037901e-02 2.146862551e-02 2.546563074e-02 2.957207740e-02
 3.378943341e-02 3.812886539e-02 4.261004478e-02 4.725957018e-02 5.210817761e-02
 5.718595861e-02 6.251453006e-02 6.809626126e-02 7.390135356e-02 7.985535322e-02
 8.583071042e-02 9.164609942e-02 9.707576416e-02 1.018690147e-01 1.057767555e-01
 1.085802037e-01 1.101161718e-01 1.102937416e-01 1.090989359e-01 1.065859801e-01
 1.028562319e-01 9.802820048e-02 9.220440589e-02 8.544254880e-02 7.773828948e-02
 6.902612255e-02 5.920179194e-02 4.817071987e-02 3.593207927e-02 2.271605978e-02
 9.180266901e-03-4.197211081e-03-1.741844469e-02-3.047351060e-02-4.333847953e-02
-5.594632307e-02-6.804973988e-02-7.949780659e-02-9.049088098e-02-1.010538182e-01
-1.111349186e-01-1.206707180e-01-1.295978791e-01-1.378583543e-01-1.454036073e-01
-1.521983316e-01-1.582229336e-01-1.634749547e-01-1.679687893e-01-1.717340163e-01
 7.585350635e-06 1.432399406e-04 4.493514461e-04 9.272920411e-04 1.579185408e-03
 2.407954657e-03 3.419878116e-03 4.936973245e-03 7.255791671e-03 1.020440800e-02
 1.350661434e-02 1.717831101e-02 2.098915570e-02 2.491506929e-02 2.894259554e-02
 3.306857382e-02 3.729911165e-02 4.164826279e-02 4.613647164e-02 5.078802239e-02
 5.562685542e-02 6.066974504e-02 6.591682164e-02 7.134007845e-02 7.687197960e-02
 8.239742605e-02 8.775259188e-02 9.273287407e-02 9.711019524e-02 1.006572305e-01
 1.031737941e-01 1.045100192e-01 1.045813138e-01 1.033716665e-01 1.009241418e-01
 9.731986915e-02 9.264952212e-02 8.698325539e-02 8.034644116e-02 7.270784401e-02
 6.398584981e-02 5.407574057e-02 4.290380387e-02 3.051966252e-02 1.724218327e-02
 3.967273860e-03-9.274461034e-03-2.246253404e-02-3.557687889e-02-4.859146268e-02
-6.145058108e-02-7.387011909e-02-8.564840360e-02-9.704773652e-02-1.080568153e-01
-1.185914780e-01-1.285570575e-01-1.378574113e-01-1.464022458e-01-1.541149131e-01
-1.609400509e-01-1.668489901e-01-1.718424607e-01-1.759494158e-01-1.792226801e-01
 7.210411784e-06 1.361439913e-04 4.270524867e-04 8.811586633e-04 1.500351338e-03
 2.287227115e-03 3.249428751e-03 4.702634829e-03 6.948847478e-03 9.814895227e-03
 1.302593839e-02 1.660162430e-02 2.033053507e-02 2.417290550e-02 2.810664958e-02
 3.212238563e-02 3.622035178e-02 4.040824282e-02 4.469936551e-02 4.911032668e-02
 5.365748491e-02 5.835133408e-02 6.318864808e-02 6.814277987e-02 7.315387885e-02
 7.812162150e-02 8.290369713e-02 8.732207988e-02 9.117771233e-02 9.427138065e-02
 9.642678610e-02 9.751069767e-02 9.744532648e-02 9.620993754e-02 9.383066756e-02
 9.036041575e-02 8.585309462e-02 8.033842455e-02 7.380414469e-02 6.619124468e-02
 5.740722834e-02 4.736113512e-02 3.602959984e-02 2.357018733e-02 1.049585710e-02
-2.616722739e-03-1.577707659e-02-2.898292959e-02-4.222549517e-02-5.549533452e-02
-6.880472413e-02-8.179668566e-02-9.402993125e-02-1.061108866e-01-1.178962324e-01
-1.292413081e-01-1.399956566e-01-1.500000739e-01-1.590975167e-01-1.671501074e-01
-1.740579321e-01-1.797735592e-01-1.843085518e-01-1.877291013e-01-1.901429577e-01
 6.753677954e-06 1.274967671e-04 3.998655143e-04 8.248681092e-04 1.404038031e-03
 2.139432333e-03 3.038788920e-03 4.413830397e-03 6.570899961e-03 9.323288450e-03
 1.238957417e-02 1.577748471e-02 1.947294046e-02 2.324616382e-02 2.708465019e-02
 3.098078570e-02 3.493233838e-02 3.894195534e-02 4.301612789e-02 4.716354342e-02
 5.139238626e-02 5.570601675e-02 6.009688373e-02 6.453891386e-02 6.897963262e-02
 7.333409567e-02 7.748328066e-02 8.127870440e-02 8.455403254e-02 8.714197701e-02
 8.889300225e-02 8.969149646e-02 8.946506580e-02 8.818429534e-02 8.585257511e-02
 8.248809944e-02 7.810272965e-02 7.268329304e-02 6.618140083e-02 5.851629095e-02
 4.959518381e-02 3.935673866e-02 2.784983874e-02 1.536308066e-02 2.666319018e-03
-1.021895366e-02-2.328458405e-02-3.652599706e-02-4.993645080e-02-6.349821085e-02
-7.715083063e-02-9.073052430e-02-1.041305993e-01-1.173988213e-01-1.304820080e-01
-1.432221921e-01-1.553952226e-01-1.667255022e-01-1.769103880e-01-1.856638831e-01
-1.927727999e-01-1.981448362e-01-2.018284652e-01-2.039952443e-01-2.048938144e-01
 6.228298911e-06 1.175647217e-04 3.686560028e-04 7.603035451e-04 1.293723881e-03
 1.970552118e-03 2.797811867e-03 4.087019979e-03 6.144971026e-03 8.783262048e-03
 1.172299303e-02 1.497908211e-02 1.855511879e-02 2.221222285e-02 2.592766637e-02
 2.968602375e-02 3.347811323e-02 3.729956171e-02 4.114933353e-02 4.502800662e-02
 4.893554264e-02 5.286796726e-02 5.681290504e-02 6.074398835e-02 6.461500118e-02
 6.835524586e-02 7.186815018e-02 7.503437877e-02 7.772032774e-02 7.979061250e-02
 8.112187952e-02 8.161445230e-02 8.119831459e-02 7.983144506e-02 7.749068723e-02
 7.415750399e-02 6.980284541e-02 6.437617409e-02 5.780338218e-02 4.999765727e-02
 4.088906338e-02 3.048189398e-02 1.895532831e-02 6.816355277e-03-5.583757281e-03
-1.826471750e-02-3.124215625e-02-4.453044298e-02-5.814313218e-02-7.209441165e-02
-8.642405151e-02-1.010215110e-01-1.155097529e-01-1.303727225e-01-1.454217863e-01
-1.604674086e-01-1.751969627e-01-1.891285736e-01-2.016141275e-01-2.119432839e-01
-2.195477103e-01-2.241995143e-01-2.260893999e-01-2.257432275e-01-2.238205990e-01
 5.648579516e-06 1.066170698e-04 3.342677122e-04 6.891986001e-04 1.172324143e-03
 1.784896269e-03 2.532179644e-03 3.728434046e-03 5.674288965e-03 8.190231411e-03
 1.099714310e-02 1.410715725e-02 1.753410436e-02 2.105906898e-02 2.464111754e-02
 2.825441808e-02 3.188241812e-02 3.551423100e-02 3.914219195e-02 4.275986840e-02
 4.636006108e-02 4.993227684e-02 5.345960286e-02 5.691485192e-02 6.025657267e-02
 6.342588510e-02 6.634536663e-02 6.892107816e-02 7.104809303e-02 7.261879494e-02
 7.353187725e-02 7.369961269e-02 7.305097254e-02 7.152939195e-02 6.908580881e-02
 6.566917915e-02 6.121812875e-02 5.565756314e-02 4.890441965e-02 4.088712839e-02
 3.158691330e-02 2.111281165e-02 9.822431791e-03-1.825237056e-03-1.384316783e-02
-2.625304569e-02-3.908181963e-02-5.236127761e-02-6.613001178e-02-8.043307601e-02
-9.530934876e-02-1.107537434e-01-1.268108514e-01-1.436376939e-01-1.613280440e-01
-1.798811711e-01-1.991224183e-01-2.184789535e-01-2.365703150e-01-2.511064806e-01
-2.600902501e-01-2.628205113e-01-2.600491143e-01-2.538545580e-01-2.463624499e-01
 5.029285508e-06 9.492531076e-05 2.975375770e-04 6.132305613e-04 1.042561516e-03
 1.586300786e-03 2.247633884e-03 3.343981923e-03 5.172421773e-03 7.551053497e-03
 1.019777104e-02 1.311775874e-02 1.630757868e-02 1.975269166e-02 2.321997497e-02
 2.669345778e-02 3.015875920e-02 3.360334798e-02 3.701588244e-02 4.038509321e-02
 4.369847904e-02 4.694052548e-02 5.009066519e-02 5.312078336e-02 5.599272554e-02
 5.865627395e-02 6.104840621e-02 6.309441035e-02 6.471110428e-02 6.581155457e-02
 6.631020582e-02 6.612663084e-02 6.518679168e-02 6.342121160e-02 6.076079383e-02
 5.713241455e-02 5.245683303e-02 4.665241691e-02 3.964889338e-02 3.141741985e-02
 2.202744174e-02 1.174071587e-02 1.047433093e-03-1.006342641e-02-2.161375026e-02
-3.365012805e-02-4.621773456e-02-5.934335651e-02-7.308682218e-02-8.753541828e-02
-1.028015950e-01-1.189237250e-01-1.360108101e-01-1.544954093e-01-1.747425345e-01
-1.972338520e-01-2.226517313e-01-2.520215882e-01-2.874651859e-01-3.147577146e-01
-3.330510692e-01-3.286634745e-01-3.062217742e-01-2.845944746e-01-2.676721061e-01
 4.386748378e-06 8.279830911e-05 2.594266535e-04 5.343638759e-04 9.077590325e-04
 1.379856124e-03 1.954847156e-03 2.944479597e-03 4.654615378e-03 6.893271415e-03
 9.381241249e-03 1.213059232e-02 1.514241357e-02 1.842090870e-02 2.172705300e-02
 2.503514081e-02 2.832395691e-02 3.157556107e-02 3.477382465e-02 3.790296737e-02
 4.094615837e-02 4.388404657e-02 4.669327063e-02 4.934482916e-02 5.180251974e-02
 5.402167982e-02 5.594868804e-02 5.752140603e-02 5.867075566e-02 5.932303197e-02
 5.940231760e-02 5.883219971e-02 5.753624578e-02 5.543721555e-02 5.245592791e-02
 4.851127949e-02 4.352396250e-02 3.742727555e-02 3.019047367e-02 2.186247032e-02
 1.264532337e-02 3.007272263e-03-7.060238842e-03-1.757254571e-02-2.856114148e-02
-4.009675922e-02-5.222422727e-02-6.494697851e-02-7.833785369e-02-9.250191373e-02
-1.075783096e-01-1.236339657e-01-1.408146375e-01-1.596516489e-01-1.806438763e-01
-2.045312676e-01-2.324904642e-01-2.664376137e-01-3.091716592e-01-3.422678985e-01
-3.600035679e-01-3.542737106e-01-3.256721188e-01-2.967554462e-01-2.752886746e-01
 3.740637883e-06 7.060145249e-05 2.210614192e-04 4.548636749e-04 7.716384334e-04
 1.170970212e-03 1.657512575e-03 2.538423094e-03 4.120597495e-03 6.215660568e-03
 8.542909132e-03 1.111274561e-02 1.393144470e-02 1.701122524e-02 2.013705959e-02
 2.326644879e-02 2.636909505e-02 2.942128408e-02 3.240255841e-02 3.529347628e-02
 3.807395936e-02 4.072188163e-02 4.321186638e-02 4.551409635e-02 4.759328556e-02
 4.940784557e-02 5.090947332e-02 5.204320233e-02 5.274803091e-02 5.295786863e-02
 5.260261780e-02 5.160905661e-02 4.990147603e-02 4.740240857e-02 4.403436066e-02
 3.972413029e-02 3.441243687e-02 2.807303581e-02 2.074772858e-02 1.260367128e-02
 4.048372613e-03-4.925119447e-03-1.432868771e-02-2.418167109e-02-3.452954754e-02
-4.545275073e-02-5.690701301e-02-6.892844744e-02-8.157986623e-02-9.494157496e-02
-1.091081346e-01-1.241641674e-01-1.402603316e-01-1.576777078e-01-1.767299211e-01
-1.977969365e-01-2.213552037e-01-2.479575281e-01-2.778745937e-01-3.012692201e-01
-3.133766435e-01-3.116295898e-01-2.961759295e-01-2.779709690e-01-2.625599459e-01
 3.116484934e-06 5.880693577e-05 1.838937387e-04 3.776346280e-04 6.389278247e-04
 9.663994821e-04 1.363649162e-03 2.136229500e-03 3.587174038e-03 5.531673410e-03
 7.685435509e-03 1.005175250e-02 1.263113383e-02 1.542042439e-02 1.840803250e-02
 2.136910170e-02 2.428329262e-02 2.712939075e-02 2.988638729e-02 3.253314031e-02
 3.504757760e-02 3.740570903e-02 3.958070502e-02 4.154201071e-02 4.325460462e-02
 4.467837796e-02 4.576780535e-02 4.647182882e-02 4.673409214e-02 4.649341107e-02
 4.568450930e-02 4.423898019e-02 4.208686738e-02 3.915936099e-02 3.539386868e-02
 3.074325996e-02 2.519264494e-02 1.878691742e-02 1.167685745e-02 4.179379208e-03
-3.706782806e-03-1.198753845e-02-2.068042661e-02-2.981650365e-02-3.951060543e-02
-4.966948187e-02-6.028186415e-02-7.137662701e-02-8.298782331e-02-9.515507925e-02
-1.079218289e-01-1.213401243e-01-1.354761264e-01-1.503635640e-01-1.660248478e-01
-1.823947551e-01-1.992250613e-01-2.159045935e-01-2.312166848e-01-2.433984968e-01
-2.509238120e-01-2.532280192e-01-2.508997879e-01-2.454803832e-01-2.386221923e-01
 2.549213604e-06 4.806779531e-05 1.499430852e-04 3.067553028e-04 5.163776857e-04
 7.760967117e-04 1.086944375e-03 1.756227880e-03 3.081516500e-03 4.875518819e-03
 6.851809942e-03 9.015328534e-03 1.136689293e-02 1.391026938e-02 1.665625177e-02
 1.939555685e-02 2.208962445e-02 2.470745579e-02 2.722230327e-02 2.960933181e-02
 3.184387176e-02 3.390003167e-02 3.574965390e-02 3.736146090e-02 3.870039390e-02
 3.972714954e-02 4.039791835e-02 4.066436252e-02 4.047385110e-02 3.977006508e-02
 3.849406569e-02 3.658610219e-02 3.398868758e-02 3.065242817e-02 2.654576888e-02
 2.166996139e-02 1.608792405e-02 9.943644286e-03 3.433453649e-03-3.435479649e-03
-1.065639842e-02-1.822275062e-02-2.609172512e-02-3.459234889e-02-4.361370159e-02
-5.293922446e-02-6.261682857e-02-7.266296477e-02-8.308866367e-02-9.390129192e-02
-1.051030053e-01-1.166868743e-01-1.286265089e-01-1.408654188e-01-1.532973288e-01
-1.657349014e-01-1.778739587e-01-1.892785816e-01-1.993954739e-01-2.076411698e-01
-2.135570560e-01-2.169566257e-01-2.179844052e-01-2.170546021e-01-2.147034355e-01
 2.087334072e-06 3.929398016e-05 1.220295926e-04 2.479360578e-04 4.134597783e-04
 6.140084369e-04 8.465527562e-04 1.421873903e-03 2.630197634e-03 4.277659109e-03
 6.075654888e-03 8.029844393e-03 1.013428748e-02 1.238547425e-02 1.478026737e-02
 1.731323771e-02 1.978386761e-02 2.216087340e-02 2.441640481e-02 2.652441470e-02
 2.845896023e-02 3.019304588e-02 3.169771679e-02 3.294131543e-02 3.388895441e-02
 3.450223636e-02 3.473926142e-02 3.455491114e-02 3.390149434e-02 3.272984086e-02
 3.099162985e-02 2.864278865e-02 2.564675984e-02 2.198631958e-02 1.768273572e-02
 1.279188965e-02 7.545248629e-03 1.928955009e-03-4.033713992e-03-1.032298164e-02
-1.692066763e-02-2.378727683e-02-3.102066374e-02-3.899618812e-02-4.715489243e-02
-5.558519297e-02-6.428624395e-02-7.325187258e-02-8.247210248e-02-9.193077644e-02
-1.016023021e-01-1.114514646e-01-1.214238447e-01-1.314306910e-01-1.413565792e-01
-1.510414556e-01-1.602815617e-01-1.688269155e-01-1.764175362e-01-1.828113044e-01
-1.878287668e-01-1.913908475e-01-1.935342928e-01-1.943985026e-01-1.941901859e-01
 1.797672971e-06 3.374273426e-05 1.040593799e-04 2.091132069e-04 3.433970217e-04
 4.997270180e-04 6.727469474e-04 1.167604848e-03 2.270475683e-03 3.785795969e-03
 5.419087769e-03 7.171024621e-03 9.031794544e-03 1.099367229e-02 1.304996840e-02
 1.519484453e-02 1.742382464e-02 1.953702628e-02 2.150733319e-02 2.331006408e-02
 2.491857464e-02 2.630526826e-02 2.744101686e-02 2.829440504e-02 2.883129793e-02
 2.901489150e-02 2.880634093e-02 2.816595257e-02 2.705466299e-02 2.543444810e-02
 2.327534972e-02 2.056991683e-02 1.730579601e-02 1.349633690e-02 9.339910395e-03
 4.812245274e-03-6.585588826e-05-5.276529452e-03-1.079736156e-02-1.660068876e-02
-2.264214343e-02-2.882850986e-02-3.583453745e-02-4.296979786e-02-5.032119223e-02
-5.788189222e-02-6.563618085e-02-7.356568123e-02-8.164826886e-02-8.985632475e-02
-9.815477800e-02-1.065008556e-01-1.148373667e-01-1.230849329e-01-1.311495724e-01
-1.389190867e-01-1.462650351e-01-1.530495368e-01-1.591372743e-01-1.644101087e-01
-1.687822767e-01-1.722123179e-01-1.747081446e-01-1.763238482e-01-1.771492381e-01
 1.770359904e-06 3.311424514e-05 1.013342835e-04 2.011128009e-04 3.243268376e-04
 4.602690432e-04 6.007615640e-04 1.041691209e-03 2.064632995e-03 3.473088463e-03
 4.964461929e-03 6.531427536e-03 8.161549406e-03 9.843612887e-03 1.156796269e-02
 1.332644390e-02 1.511263442e-02 1.692279438e-02 1.856529006e-02 2.003091573e-02
 2.128419319e-02 2.229677762e-02 2.304097705e-02 2.348715117e-02 2.360298307e-02
 2.335401457e-02 2.270562939e-02 2.162755217e-02 2.010330785e-02 1.810062417e-02
 1.558376006e-02 1.274901541e-02 9.547680593e-03 5.969200438e-03 2.033790665e-03
-2.245743713e-03-6.853831648e-03-1.177198522e-02-1.697785013e-02-2.244278908e-02
-2.813702723e-02-3.407534098e-02-4.027553334e-02-4.670168338e-02-5.331037274e-02
-6.007032757e-02-6.695500889e-02-7.393855197e-02-8.099384412e-02-8.809095334e-02
-9.519612701e-02-1.022726085e-01-1.092722074e-01-1.161320334e-01-1.227842488e-01
-1.291545042e-01-1.351633541e-01-1.407303991e-01-1.457799859e-01-1.502477864e-01
-1.540868939e-01-1.572724658e-01-1.598038168e-01-1.617036116e-01-1.630142885e-01
 2.121787596e-06 3.961343392e-05 1.207928779e-04 2.382809119e-04 3.806140688e-04
 5.323585980e-04 6.796762396e-04 1.110097581e-03 2.097508147e-03 3.444006953e-03
 4.820880837e-03 6.227357487e-03 7.644861068e-03 9.059180689e-03 1.045846127e-02
 1.183168977e-02 1.316681544e-02 1.444814805e-02 1.565219848e-02 1.678665473e-02
 1.766200228e-02 1.827645450e-02 1.861506552e-02 1.865490243e-02 1.836747788e-02
 1.771987294e-02 1.667498326e-02 1.519037578e-02 1.341978302e-02 1.131656425e-02
 8.862833438e-03 6.070667879e-03 2.941212909e-03-5.240204229e-04-4.320290788e-03
-8.441787599e-03-1.287977168e-02-1.761922520e-02-2.263177563e-02-2.785002453e-02
-3.320106717e-02-3.873339010e-02-4.445258487e-02-5.032123117e-02-5.630431113e-02
-6.236955255e-02-6.848747719e-02-7.463105054e-02-8.077492945e-02-8.689385703e-02
-9.296053327e-02-9.896224050e-02-1.048508330e-01-1.105816818e-01-1.161112530e-01
-1.213924364e-01-1.263762594e-01-1.310144272e-01-1.352623629e-01-1.390822643e-01
-1.424461444e-01-1.453377615e-01-1.477538223e-01-1.497038339e-01-1.512087473e-01
 2.986415515e-06 5.581485544e-05 1.707315088e-04 3.383617864e-04 5.436297515e-04
 7.652855775e-04 9.802707748e-04 1.466697306e-03 2.482637401e-03 3.819222219e-03
 5.139860624e-03 6.413425119e-03 7.634207375e-03 8.789061679e-03 9.870326698e-03
 1.087198230e-02 1.178644464e-02 1.260209825e-02 1.330146313e-02 1.386015544e-02
 1.423649953e-02 1.440138575e-02 1.433040784e-02 1.400087410e-02 1.339118248e-02
 1.248165228e-02 1.125681567e-02 9.710072748e-03 7.852995256e-03 5.685350815e-03
 3.206170188e-03 4.174208802e-04-2.678578887e-03-6.079678424e-03-9.785205637e-03
-1.380070424e-02-1.814961947e-02-2.285373167e-02-2.769917499e-02-3.271747775e-02
-3.788790662e-02-4.318683577e-02-4.858283865e-02-5.404263347e-02-5.953258830e-02
-6.502028932e-02-7.047560637e-02-7.587283123e-02-8.119490204e-02-8.643109379e-02
-9.158822386e-02-9.663936940e-02-1.015586992e-01-1.063233101e-01-1.109074455e-01
-1.152828975e-01-1.194202138e-01-1.232902104e-01-1.268657078e-01-1.301233148e-01
-1.330449721e-01-1.356192087e-01-1.378418074e-01-1.397158975e-01-1.412515968e-01
 4.474207034e-06 8.389096220e-05 2.586327139e-04 5.189057537e-04 8.479179821e-04
 1.219788161e-03 1.599883976e-03 2.253556994e-03 3.406111261e-03 4.818369846e-03
 6.139010587e-03 7.308506374e-03 8.319705679e-03 9.187486024e-03 9.924313787e-03
 1.054109719e-02 1.104299780e-02 1.142787951e-02 1.168651664e-02 1.180351902e-02
 1.175861773e-02 1.153076455e-02 1.109942474e-02 1.044509917e-02 9.549835661e-03
 8.397942769e-03 6.976940397e-03 5.278552286e-03 3.298963522e-03 1.036172682e-03
-1.509744198e-03-4.336118652e-03-7.437907690e-03-1.080854964e-02-1.444154347e-02
-1.834106610e-02-2.242749590e-02-2.739836192e-02-3.238496718e-02-3.744285501e-02
-4.258141034e-02-4.777530113e-02-5.298717384e-02-5.817574476e-02-6.330007295e-02
-6.832443270e-02-7.322570852e-02-7.792908919e-02-8.243809156e-02-8.684008060e-02
-9.112216831e-02-9.527955556e-02-9.930650542e-02-1.031948074e-01-1.069330397e-01
-1.105067854e-01-1.138994075e-01-1.170932853e-01-1.200710961e-01-1.228171174e-01
-1.253184122e-01-1.275656719e-01-1.295537705e-01-1.312820971e-01-1.327543918e-01
 6.563489491e-06 1.235763522e-04 3.847504209e-04 7.843023738e-04 1.311044392e-03
 1.944333442e-03 2.648794708e-03 3.673085663e-03 5.191651194e-03 6.863414988e-03
 8.241140032e-03 9.259081927e-03 9.935733931e-03 1.038310895e-02 1.066925654e-02
 1.083495504e-02 1.089697414e-02 1.085693322e-02 1.070726062e-02 1.043471727e-02
 1.002267528e-02 9.452938829e-03 8.706969930e-03 7.766719064e-03 6.615261758e-03
 5.237353049e-03 3.619916458e-03 1.752461128e-03-3.727205087e-04-2.760516439e-03
-5.412427470e-03-8.325084626e-03-1.148675805e-02-1.487234298e-02-1.852329731e-02
-2.266199026e-02-2.728215832e-02-3.214503130e-02-3.717680930e-02-4.233469861e-02
-4.756754831e-02-5.281680057e-02-5.801607809e-02-6.308673634e-02-6.800724313e-02
-7.260776970e-02-7.684882813e-02-8.084760858e-02-8.458386032e-02-8.813646529e-02
-9.153563097e-02-9.480274989e-02-9.795375886e-02-1.009973005e-01-1.039346713e-01
-1.067610134e-01-1.094670359e-01-1.120407658e-01-1.144691569e-01-1.167393718e-01
-1.188399525e-01-1.207615478e-01-1.224974894e-01-1.240440519e-01-1.254005648e-01
 8.960549286e-06 1.693304843e-04 5.318566379e-04 1.100216766e-03 1.880613471e-03
 2.882196884e-03 4.119844884e-03 5.900451415e-03 8.403811403e-03 1.095692271e-02
 1.247699003e-02 1.288515813e-02 1.263831104e-02 1.229328746e-02 1.193844383e-02
 1.156978722e-02 1.116936196e-02 1.071726877e-02 1.019342272e-02 9.577579900e-03
 8.849391504e-03 7.988668383e-03 6.975710716e-03 5.791626140e-03 4.418597039e-03
 2.840132448e-03 1.041299625e-03-9.910139355e-04-3.267944773e-03-5.798646629e-03
-8.590483737e-03-1.164950126e-02-1.498161070e-02-1.860064595e-02-2.256896286e-02
-2.695767526e-02-3.169759881e-02-3.672563654e-02-4.199445798e-02-4.745338091e-02
-5.303629293e-02-5.858148646e-02-6.401207505e-02-6.913469368e-02-7.378096647e-02
-7.798468928e-02-8.168911096e-02-8.493083639e-02-8.779153894e-02-9.037396087e-02
-9.277441922e-02-9.506493668e-02-9.729048505e-02-9.947381099e-02-1.016217094e-01
-1.037305519e-01-1.057904143e-01-1.077880345e-01-1.097088988e-01-1.115386287e-01
-1.132640347e-01-1.148736736e-01-1.163583363e-01-1.177112132e-01-1.189279679e-01
 1.112063881e-05 2.105534616e-04 6.643054258e-04 1.384210398e-03 2.391307410e-03
 3.721671980e-03 5.448451628e-03 8.040008642e-03 1.232890445e-02 1.883849503e-02
 2.074512527e-02 1.695047704e-02 1.519495857e-02 1.406345666e-02 1.315327539e-02
 1.233675795e-02 1.155340787e-02 1.076431519e-02 9.938773269e-03 9.049768852e-03
 8.072398951e-03 6.983376884e-03 5.760893854e-03 4.384512428e-03 2.834960033e-03
 1.093853190e-03-8.563963692e-04-3.032129630e-03-5.447815113e-03-8.115895446e-03
-1.104744675e-02-1.425549149e-02-1.776105767e-02-2.159496376e-02-2.580287984e-02
-3.044239672e-02-3.546346559e-02-4.085626112e-02-4.663644695e-02-5.254672863e-02
-5.878385573e-02-6.512837886e-02-7.132141236e-02-7.703246839e-02-8.195326420e-02
-8.591254845e-02-8.887237499e-02-9.093828978e-02-9.238255113e-02-9.353379927e-02
-9.461734010e-02-9.574372125e-02-9.695389131e-02-9.825295402e-02-9.962869050e-02
-1.010611705e-01-1.025276845e-01-1.040053595e-01-1.054725289e-01-1.069094438e-01
-1.082987025e-01-1.096253613e-01-1.108770298e-01-1.120438362e-01-1.131182999e-01
 1.255385520e-05 2.377902450e-04 7.508708697e-04 1.565865364e-03 2.704663147e-03
 4.194750815e-03 6.062346476e-03 8.584929249e-03 1.182201199e-02 1.488139703e-02
 1.656790066e-02 1.672137124e-02 1.594466634e-02 1.489135413e-02 1.381935869e-02
 1.278298728e-02 1.177713345e-02 1.077918097e-02 9.761769394e-03 8.696770071e-03
 7.556866317e-03 6.316608301e-03 4.953030519e-03 3.445610560e-03 1.775736158e-03
-7.513266990e-05-2.129296212e-03-4.411350450e-03-6.938043007e-03-9.725846005e-03
-1.277899920e-02-1.609437256e-02-1.969508285e-02-2.356300842e-02-2.790729854e-02
-3.297993717e-02-3.828246519e-02-4.391809810e-02-5.008600035e-02-5.682081238e-02
-6.422857977e-02-7.242857118e-02-8.144996738e-02-8.908304450e-02-9.487875517e-02
-9.849765881e-02-1.005850193e-01-9.975298050e-02-9.799369776e-02-9.684531449e-02
-9.625066088e-02-9.610531480e-02-9.631562987e-02-9.680298005e-02-9.750239623e-02
-9.836024163e-02-9.933198408e-02-1.003804601e-01-1.014744740e-01-1.025877809e-01
-1.036983873e-01-1.047878935e-01-1.058411453e-01-1.068458043e-01-1.077921029e-01
 1.302888536e-05 2.468140210e-04 7.795505525e-04 1.626327785e-03 2.811521730e-03
 4.371506566e-03 6.369364053e-03 9.252154028e-03 1.378107434e-02 2.022211273e-02
 2.206056666e-02 1.857288644e-02 1.662121241e-02 1.519278403e-02 1.395095157e-02
 1.280335602e-02 1.170876570e-02 1.063542446e-02 9.551969034e-03 8.426352802e-03
 7.225618759e-03 5.919211628e-03 4.485895821e-03 2.907863341e-03 1.168784473e-03
-7.291580881e-04-2.794255960e-03-5.079053760e-03-7.786590305e-03-1.071332860e-02
-1.383368696e-02-1.725491550e-02-2.100171135e-02-2.503801653e-02-2.949103471e-02
-3.436035215e-02-3.965719931e-02-4.544286473e-02-5.182877401e-02-5.897800961e-02
-6.713747382e-02-7.668736949e-02-8.812529708e-02-9.730957176e-02-1.038174761e-01
-1.069499529e-01-1.088128482e-01-1.050841146e-01-1.006319001e-01-9.775234171e-02
-9.598939050e-02-9.500182954e-02-9.456500863e-02-9.452841836e-02-9.478685642e-02
-9.526361900e-02-9.590065857e-02-9.665273517e-02-9.748377305e-02-9.836449567e-02
-9.927094829e-02-1.001833689e-01-1.010855077e-01-1.019640356e-01-1.028081791e-01
 1.247755700e-05 2.363791965e-04 7.466410447e-04 1.557711775e-03 2.692052583e-03
 4.178332903e-03 6.044345014e-03 8.591231359e-03 1.190720892e-02 1.507082464e-02
 1.671128476e-02 1.665709094e-02 1.571872105e-02 1.455320953e-02 1.339696372e-02
 1.230594686e-02 1.127506451e-02 1.027723759e-02 9.269194972e-03 8.220413558e-03
 7.104525243e-03 5.803862076e-03 4.326577175e-03 2.708523037e-03 9.242589428e-04
-9.982999188e-04-3.186239244e-03-5.622077596e-03-8.319994863e-03-1.130058498e-02
-1.450302987e-02-1.794354143e-02-2.164955093e-02-2.564319405e-02-2.995479471e-02
-3.461880066e-02-3.967618277e-02-4.518356556e-02-5.122227202e-02-5.790924831e-02
-6.541729438e-02-7.403041490e-02-8.439647354e-02-9.263110583e-02-9.856480222e-02
-1.013775531e-01-1.035320793e-01-1.002074725e-01-9.646414304e-02-9.408919532e-02
-9.256655531e-02-9.165185378e-02-9.118977562e-02-9.107081943e-02-9.121408668e-02
-9.155788647e-02-9.205396878e-02-9.266379917e-02-9.335606281e-02-9.410500772e-02
-9.488924868e-02-9.569093892e-02-9.649517727e-02-9.728955105e-02-9.806380079e-02
 1.093627708e-05 2.071519596e-04 6.541747334e-04 1.364883727e-03 2.361390986e-03
 3.678879589e-03 5.378651447e-03 7.877145943e-03 1.165938156e-02 1.596090386e-02
 1.748096004e-02 1.609753125e-02 1.455781330e-02 1.330377057e-02 1.224343633e-02
 1.131711097e-02 1.048916041e-02 9.728179480e-03 8.980059095e-03 8.013763916e-03
 6.991904874e-03 5.727331485e-03 4.345707969e-03 2.788404547e-03 1.005021051e-03
-1.010513960e-03-3.278538343e-03-5.794651996e-03-8.538799201e-03-1.149564706e-02
-1.465743606e-02-1.802567130e-02-2.161003124e-02-2.542535371e-02-2.948967285e-02
-3.382322632e-02-3.844786295e-02-4.338619899e-02-4.865873762e-02-5.427580937e-02
-6.021645613e-02-6.637500995e-02-7.244247246e-02-7.785417233e-02-8.219347267e-02
-8.526430410e-02-8.702574723e-02-8.758717119e-02-8.738718338e-02-8.697096638e-02
-8.661572307e-02-8.641755274e-02-8.639687011e-02-8.654444397e-02-8.684011305e-02
-8.726066134e-02-8.778310379e-02-8.838607957e-02-8.905026188e-02-8.975845963e-02
-9.049554577e-02-9.124827070e-02-9.200515307e-02-9.275629104e-02-9.349323565e-02
 8.584459817e-06 1.623656600e-04 5.110147503e-04 1.060711378e-03 1.822782761e-03
 2.817026158e-03 4.083346259e-03 5.985569562e-03 8.833729172e-03 1.183759934e-02
 1.318794341e-02 1.278102802e-02 1.186348595e-02 1.105541678e-02 1.036094347e-02
 9.748125562e-03 9.204569702e-03 8.756220333e-03 8.420078333e-03 7.581925810e-03
 6.661257239e-03 5.728026184e-03 4.695174284e-03 3.389640806e-03 1.741223648e-03
-2.936290822e-04-2.721610791e-03-5.430225471e-03-8.295828940e-03-1.128878778e-02
-1.441069675e-02-1.767149019e-02-2.108321864e-02-2.465780209e-02-2.840568440e-02
-3.233453226e-02-3.644744883e-02-4.074011095e-02-4.519596215e-02-4.977862705e-02
-5.442091557e-02-5.901323321e-02-6.340092023e-02-6.740584833e-02-7.087022110e-02
-7.369472971e-02-7.585726765e-02-7.741751555e-02-7.850363025e-02-7.927278720e-02
-7.986507781e-02-8.038117883e-02-8.088379444e-02-8.140765182e-02-8.196917950e-02
-8.257356306e-02-8.321938685e-02-8.390150996e-02-8.461288411e-02-8.534563882e-02
-8.609177740e-02-8.684354121e-02-8.759365845e-02-8.833547575e-02-8.906302518e-02
 5.868061926e-06 1.105196378e-04 3.443508785e-04 7.028110418e-04 1.177075871e-03
 1.750402668e-03 2.394744390e-03 3.349481537e-03 4.787147797e-03 6.313038371e-03
 7.418597614e-03 8.031426564e-03 8.203264704e-03 8.133684578e-03 7.938135579e-03
 7.680339541e-03 7.389365381e-03 7.098476915e-03 6.797756439e-03 6.407217068e-03
 5.957850026e-03 5.639844636e-03 5.662718538e-03 4.424058192e-03 3.054747816e-03
 1.139983146e-03-1.852466121e-03-4.974169577e-03-7.987735749e-03-1.098764133e-02
-1.402407543e-02-1.712856574e-02-2.032186517e-02-2.361727861e-02-2.702196980e-02
-3.053709729e-02-3.415706196e-02-3.786797405e-02-4.164547706e-02-4.545231901e-02
-4.923631380e-02-5.293052910e-02-5.645740056e-02-5.973782900e-02-6.270365644e-02
-6.530963173e-02-6.754117039e-02-6.941573660e-02-7.097736340e-02-7.228583747e-02
-7.340437131e-02-7.439000155e-02-7.528872813e-02-7.613460026e-02-7.695105748e-02
-7.775306801e-02-7.854928200e-02-7.934383452e-02-8.013773139e-02-8.092991925e-02
-8.171805683e-02-8.249904185e-02-8.326938744e-02-8.402553222e-02-8.476396696e-02
 3.398589243e-06 6.351565987e-05 1.942787031e-04 3.844808040e-04 6.147249672e-04
 8.547944744e-04 1.064464225e-03 1.492862643e-03 2.366490226e-03 3.428948806e-03
 4.314692533e-03 4.999595548e-03 5.418821539e-03 5.563480108e-03 5.608621937e-03
 5.552154622e-03 5.405979432e-03 5.210466424e-03 4.967738123e-03 4.711036663e-03
 4.486830937e-03 4.394644731e-03 4.484135654e-03 3.540140653e-03 2.317215546e-03
 5.171933365e-04-2.299541520e-03-5.272896452e-03-8.121481553e-03-1.093381270e-02
-1.375751029e-02-1.662118620e-02-1.954206396e-02-2.252946984e-02-2.558641945e-02
-2.871018400e-02-3.189222698e-02-3.511783346e-02-3.836558631e-02-4.160716676e-02
-4.480764981e-02-4.792695506e-02-5.092260304e-02-5.375374962e-02-5.638582037e-02
-5.879482816e-02-6.097015593e-02-6.291523089e-02-6.464587443e-02-6.618679865e-02
-6.756741445e-02-6.881778655e-02-6.996571307e-02-7.103497629e-02-7.204473167e-02
-7.300961214e-02-7.394021990e-02-7.484383416e-02-7.572505195e-02-7.658644813e-02
-7.742908682e-02-7.825294257e-02-7.905727033e-02-7.984083330e-02-8.060213392e-02
 1.609823916e-06 2.967184555e-05 8.772946003e-05 1.634513463e-04 2.360736924e-04
 2.744605792e-04 2.375453026e-04 3.854763377e-04 9.546772646e-04 1.726153997e-03
 2.380005403e-03 2.899025306e-03 3.272653796e-03 3.505387207e-03 3.614481879e-03
 3.617744072e-03 3.530108253e-03 3.365123665e-03 3.134988075e-03 2.851236667e-03
 2.522558433e-03 2.139715886e-03 1.606247744e-03 7.485318118e-04-4.759371197e-04
-2.098792808e-03-4.120165498e-03-6.393645793e-03-8.767007678e-03-1.120356614e-02
-1.369707160e-02-1.624774054e-02-1.885617949e-02-2.152135650e-02-2.423969342e-02
-2.700456852e-02-2.980598310e-02-3.263034171e-02-3.546040106e-02-3.827552465e-02
-4.105223307e-02-4.376529494e-02-4.638925533e-02-4.890032829e-02-5.127837864e-02
-5.350868404e-02-5.558306000e-02-5.750025486e-02-5.926540204e-02-6.088880759e-02
-6.238431129e-02-6.376752354e-02-6.505429170e-02-6.625956536e-02-6.739660655e-02
-6.847665820e-02-6.950886217e-02-7.050033377e-02-7.145642997e-02-7.238096968e-02
-7.327653739e-02-7.414471672e-02-7.498633471e-02-7.580165211e-02-7.659052737e-02
 5.975680035e-07 1.074960130e-05 2.986894075e-05 4.906847931e-05 5.341550880e-05
 1.936562858e-05-8.863708353e-05-2.473423763e-05 3.776007542e-04 8.485273123e-04
 1.259615624e-03 1.595475727e-03 1.845653739e-03 2.004500548e-03 2.071022562e-03
 2.047199015e-03 1.936076612e-03 1.740211017e-03 1.460154884e-03 1.092389390e-03
 6.260578487e-04 3.885771856e-05-7.038614000e-04-1.640355603e-03-2.798706584e-03
-4.188498340e-03-5.797382115e-03-7.593239027e-03-9.536755401e-03-1.159526126e-02
-1.374636088e-02-1.597523157e-02-1.827120595e-02-2.062536008e-02-2.302895630e-02
-2.547250441e-02-2.794519549e-02-3.043460940e-02-3.292667053e-02-3.540584547e-02
-3.785550118e-02-4.025856462e-02-4.259834645e-02-4.485943513e-02-4.702865799e-02
-4.909585242e-02-5.105439858e-02-5.290144664e-02-5.463772301e-02-5.626708151e-02
-5.779580715e-02-5.923179528e-02-6.058378175e-02-6.186065883e-02-6.307094257e-02
-6.422240765e-02-6.532187511e-02-6.637511170e-02-6.738686344e-02-6.836088948e-02
-6.930009502e-02-7.020662230e-02-7.108201359e-02-7.192729708e-02-7.274309860e-02
 1.628525693e-07 2.840267252e-06 7.405852053e-06 1.089794941e-05 1.006331855e-05
 4.884038205e-06 1.320042300e-05 9.320593093e-05 2.458204651e-04 4.319409963e-04
 6.163888742e-04 7.725568115e-04 8.819549891e-04 9.320516798e-04 9.144730669e-04
 8.235625657e-04 6.550947230e-04 4.050751774e-04 6.859669958e-05-3.612371830e-04
-8.941643961e-04-1.542943780e-03-2.322268727e-03-3.246189613e-03-4.324798430e-03
-5.561497306e-03-6.951903918e-03-8.484798819e-03-1.014479655e-02-1.191542338e-02
-1.378125039e-02-1.572869716e-02-1.774585720e-02-1.982194764e-02-2.194670904e-02
-2.410989309e-02-2.630090880e-02-2.850861566e-02-3.072127856e-02-3.292668690e-02
-3.511234188e-02-3.726582895e-02-3.937524951e-02-4.142967355e-02-4.341961646e-02
-4.533740786e-02-4.717748217e-02-4.893647544e-02-5.061320303e-02-5.220843428e-02
-5.372461689e-02-5.516544425e-02-5.653547985e-02-5.783975657e-02-5.908343022e-02
-6.027152994e-02-6.140874216e-02-6.249928391e-02-6.354685815e-02-6.455459058e-02
-6.552511100e-02-6.646052426e-02-6.736251419e-02-6.823235484e-02-6.907102970e-02
-1.507742553e-08-3.579136413e-07-1.247728107e-06-2.611381419e-06-3.349889618e-06
-1.736048537e-07 1.282637245e-05 4.137374753e-05 8.539606397e-05 1.369530658e-04
 1.832090934e-04 2.101225007e-04 2.046689016e-04 1.556922862e-04 5.394791212e-05
-1.082451618e-04-3.375178174e-04-6.400072690e-04-1.021875669e-03-1.489703593e-03
-2.050663422e-03-2.712344572e-03-3.482184242e-03-4.366547563e-03-5.369681135e-03
-6.492859226e-03-7.734004799e-03-9.087885182e-03-1.054681742e-02-1.210158281e-02
-1.374227094e-02-1.545887500e-02-1.724155272e-02-1.908069378e-02-2.096683126e-02
-2.289053272e-02-2.484227817e-02-2.681240234e-02-2.879109320e-02-3.076848167e-02
-3.273475016e-02-3.468034328e-02-3.659620112e-02-3.847400509e-02-4.030641265e-02
-4.208726960e-02-4.381174051e-02-4.547639812e-02-4.707919352e-02-4.861938372e-02
-5.009738949e-02-5.151456494e-02-5.287301116e-02-5.417533956e-02-5.542446333e-02
-5.662341486e-02-5.777519673e-02-5.888267743e-02-5.994849818e-02-6.097502468e-02
-6.196435040e-02-6.291826722e-02-6.383827269e-02-6.472563715e-02-6.558138132e-02
 7.102614641e-01 7.638658285e-01 7.411844134e-01 7.479469776e-01 7.571309805e-01
 7.674517632e-01 7.814382315e-01 7.953997254e-01 8.101246953e-01 8.258396387e-01
 8.436690569e-01 8.626930118e-01 8.826845288e-01 9.037356377e-01 9.265109301e-01
 9.508629441e-01 9.766615033e-01 1.004099131e+00 1.033404589e+00 1.064579725e+00
 1.097674012e+00 1.132931232e+00 1.170696020e+00 1.210886836e+00 1.253822923e+00
 1.299423695e+00 1.348093987e+00 1.400150776e+00 1.455884695e+00 1.515104175e+00
 1.578223586e+00 1.645595312e+00 1.717059612e+00 1.793339372e+00 1.874098420e+00
 1.959609747e+00 2.049941540e+00 2.144832850e+00 2.244936943e+00 2.349529505e+00
 2.459075451e+00 2.572867155e+00 2.691737175e+00 2.814623356e+00 2.942706347e+00
 3.075255632e+00 3.213355541e+00 3.355829716e+00 3.505190372e+00 3.660614729e+00
 3.823167324e+00 3.993957043e+00 4.173967361e+00 4.365565300e+00 4.568789005e+00
 4.787053585e+00 5.023976803e+00 5.281140804e+00 5.563662052e+00 5.880179882e+00
 6.245951176e+00 6.675863743e+00 7.195049286e+00 7.896998405e+00 1.070173550e+01
   72   34  
 3.661155701e-01 0.000000000e+00 3.693400621e-01 1.375000030e-01 3.778125048e-01
 2.700440288e-01 3.856456876e-01 3.437500000e-01 4.025571942e-01 4.812499881e-01
 4.145074189e-01 5.500000119e-01 4.406917393e-01 6.875000000e-01 4.583728015e-01
 7.562500238e-01 4.781250060e-01 8.254784942e-01 5.115625262e-01 9.154955745e-01
 5.450000167e-01 9.857210517e-01 5.784375072e-01 1.039017797e+00 6.410841942e-01
 1.100000024e+00 6.787499785e-01 1.120447397e+00 7.456250191e-01 1.131639838e+00
 8.125000000e-01 1.123821735e+00 8.793749809e-01 1.100403190e+00 9.128124714e-01
 1.084483624e+00 9.796875119e-01 1.046019673e+00 1.013124943e+00 1.021780372e+00
 1.080000043e+00 9.683716893e-01 1.113437533e+00 9.370174408e-01 1.153982162e+00
 8.937500119e-01 1.210423827e+00 8.249999881e-01 1.247187495e+00 7.729160786e-01
 1.280624986e+00 7.186090946e-01 1.314062476e+00 6.575049758e-01 1.347499967e+00
 5.894544721e-01 1.380937457e+00 5.140373111e-01 1.414374948e+00 4.299052060e-01
 1.444384575e+00 3.437500000e-01 1.465528250e+00 2.750000060e-01 1.482758760e+00
 2.062499970e-01 1.504491448e+00 6.875000149e-02 1.504696846e+00-6.875000149e-02
 1.483362556e+00-2.062499970e-01 1.466348171e+00-2.750000060e-01 1.445479870e+00
-3.437500000e-01 1.414374948e+00-4.340370297e-01 1.380937457e+00-5.192973614e-01
 1.347499967e+00-5.964911580e-01 1.314062476e+00-6.671238542e-01 1.280624986e+00
-7.315587997e-01 1.247187495e+00-7.898761630e-01 1.213750005e+00-8.422611952e-01
 1.176631451e+00-8.937500119e-01 1.120488524e+00-9.624999762e-01 1.080000043e+00
-1.007283330e+00 1.046562552e+00-1.041061997e+00 9.815268517e-01-1.100000024e+00
 9.462500215e-01-1.129899859e+00 8.933877349e-01-1.168750048e+00 8.459374905e-01
-1.203563094e+00 7.903146744e-01-1.237499952e+00 7.456250191e-01-1.264988303e+00
 6.787499785e-01-1.296221614e+00 6.453124881e-01-1.313347578e+00 5.742717981e-01
-1.338279009e+00 5.366685390e-01-1.348620057e+00 5.314090848e-01-1.237499952e+00
 5.115625262e-01-1.131745696e+00 4.911597967e-01-1.031250000e+00 4.751690626e-01
-9.624999762e-01 4.480568469e-01-8.249999881e-01 4.340227544e-01-7.562500238e-01
 4.112499952e-01-6.222051978e-01 4.012828767e-01-5.500000119e-01 3.862139285e-01
-4.124999940e-01 3.778125048e-01-3.276013732e-01 3.700971305e-01-2.062499970e-01
 3.662915826e-01-6.875000149e-02 3.661155701e-01 0.000000000e+00 0.000000000e+00
 0.000000000e+00 0.000000000e+00 0.000000000e+00
 3.147999942e-01 0.000000000e+00 3.147999942e-01 1.049999952e+00 4.149999917e-01
 1.269999981e+00 4.149999917e-01 1.623399973e+00 5.715000033e-01 1.623399973e+00
 6.169999838e-01 1.628000021e+00 1.194000006e+00 1.401000023e+00 1.043300033e+00
 1.429999948e+00 1.319200039e+00 1.039700031e+00 1.335800052e+00 9.976000190e-01
 1.485100031e+00 5.450000167e-01 1.479099989e+00 4.995000064e-01 1.517400026e+00
 3.059999943e-01 1.531299949e+00 2.354999930e-01 1.546399951e+00 1.586000025e-01
 1.560799956e+00 8.009999990e-02 1.567000031e+00 0.000000000e+00 1.565700054e+00
-1.769999973e-02 1.554299951e+00-1.123000011e-01 1.534100056e+00-2.210000008e-01
 1.518100023e+00-3.025999963e-01 1.481799960e+00-4.860000014e-01 1.485100031e+00
-5.450000167e-01 1.335800052e+00-9.976000190e-01 1.319200039e+00-1.039700031e+00
 1.043300033e+00-1.429999948e+00 1.194000006e+00-1.401000023e+00 6.169999838e-01
-1.628000021e+00 5.715000033e-01-1.623399973e+00 4.149999917e-01-1.623399973e+00
 4.149999917e-01-1.269999981e+00 3.147999942e-01-1.049999952e+00 3.147999942e-01
 0.000000000e+00 3.147999942e-01 0.000000000e+00
 0.000000000e+00 0.000000000e+00 0.000000000e+00
 0.000000000e+00 5.988360196e-02 8.992753923e-02 1.130336747e-01 1.322172284e-01
 1.489980817e-01 1.646242887e-01 1.790290028e-01 1.925617158e-01 2.054451704e-01
 2.178822011e-01 2.298623621e-01 2.415145338e-01 2.529145777e-01 2.640120089e-01
 2.749571204e-01 2.857909203e-01 2.965086997e-01 3.071281314e-01 3.176892102e-01
 3.281903565e-01 3.387074769e-01 3.492728472e-01 3.598207533e-01 3.704304695e-01
 3.810878694e-01 3.918374479e-01 4.027255476e-01 4.137364328e-01 4.248367846e-01
 4.360993803e-01 4.475701749e-01 4.591942430e-01 4.710282981e-01 4.830988348e-01
 4.953934550e-01 5.079287291e-01 5.206824541e-01 5.337482691e-01 5.470765233e-01
 5.606914759e-01 5.745823979e-01 5.888154507e-01 6.032623053e-01 6.180546880e-01
 6.331129670e-01 6.485328078e-01 6.641803384e-01 6.802453399e-01 6.965783238e-01
 7.132162452e-01 7.302132249e-01 7.475277185e-01 7.652813792e-01 7.833783031e-01
 8.019050956e-01 8.209024668e-01 8.403796554e-01 8.603762388e-01 8.810136914e-01
 9.024138451e-01 9.245857596e-01 9.478420019e-01 9.725021124e-01 1.000000000e+00
 1.000000000e+00 0.000000000e+00 0.000000000e+00 0.000000000e+00 0.000000000e+00 0.000000000e+00
 0.000000000e+00 0.000000000e+00 0.000000000e+00 0.000000000e+00 0.000000000e+00
 0.000000000e+00 0.000000000e+00 0.000000000e+00 0.000000000e+00 0.000000000e+00
 0.000000000e+00 0.000000000e+00 0.000000000e+00 0.000000000e+00 0.000000000e+00
 0.000000000e+00 0.000000000e+00 0.000000000e+00 0.000000000e+00 0.000000000e+00
 0.000000000e+00 0.000000000e+00 0.000000000e+00 0.000000000e+00 0.000000000e+00
 0.000000000e+00 0.000000000e+00 0.000000000e+00 0.000000000e+00 0.000000000e+00
 0.000000000e+00 0.000000000e+00 0.000000000e+00 0.000000000e+00 0.000000000e+00
 0.000000000e+00 0.000000000e+00 0.000000000e+00 0.000000000e+00 0.000000000e+00
 0.000000000e+00 0.000000000e+00 0.000000000e+00 0.000000000e+00 0.000000000e+00
 0.000000000e+00 0.000000000e+00 0.000000000e+00 0.000000000e+00 0.000000000e+00
 0.000000000e+00 0.000000000e+00 0.000000000e+00 0.000000000e+00 0.000000000e+00
 0.000000000e+00 0.000000000e+00 0.000000000e+00 0.000000000e+00 0.000000000e+00
